0 1 0 0 c091705
0 1 1 0 fd14eef5
0 1 2 0 30d1f2ce
0 1 0 1 2be737e5
0 1 1 1 2ff1439
0 1 2 1 bd60e08
0 1 0 2 f0cdc3ac
0 1 1 2 f22e4f4
0 1 2 2 db14161c
0 1 0 3 e311f9fd
0 1 1 3 ed2c14b7
0 1 2 3 213e261a
0 1 0 4 11fbf90a
0 1 1 4 2c3f0b05
0 1 2 4 3ce3d231
0 1 0 5 def953cc
0 1 1 5 815dec3
0 1 2 5 13a73c17
0 1 0 6 df3b5271
0 1 1 6 622dfae3
0 1 2 6 bf21291d
0 1 0 7 ae0b9e5
0 1 1 7 9e8a1405
0 1 2 7 152b12a0
0 1 0 8 1afde903
0 1 1 8 2a09f80b
0 1 2 8 24f0d70b
0 1 0 9 ddec2bef
0 1 1 9 2d12f7d6
0 1 2 9 15db0b25
0 1 0 10 48f1e9d5
0 1 1 10 f2f52545
0 1 2 10 e20d1bd8
0 1 0 11 24d3d1d6
0 1 1 11 30312024
0 1 2 11 e3d8f52c
0 1 0 12 f2fce5fe
0 1 1 12 6e3b3518
0 1 2 12 57d5a340
0 1 0 13 31ee4dd6
0 1 1 13 e0e1f49
0 1 2 13 1aa22eeb
0 1 0 14 18c9a9b1
0 1 1 14 b8c71d2a
0 1 2 14 af3357e1
0 1 0 15 16ceaacc
0 1 1 15 bdebfc15
0 1 2 15 151b17de
0 1 0 16 5cdf81aa
0 1 1 16 7546547f
0 1 2 16 79c28137
0 1 0 17 23e37fbe
0 1 1 17 7f592f41
0 1 2 17 17814913
0 1 0 18 a3727f77
0 1 1 18 322eb281
0 1 2 18 922d7f2d
0 1 0 19 ddddf2da
0 1 1 19 d5ab81e4
0 1 2 19 c181bfec
0 1 0 20 4cebb3bf
0 1 1 20 8cca625b
0 1 2 20 61dab0dc
0 1 0 21 92f85cd0
0 1 1 21 4a40af81
0 1 2 21 d9b2cff
0 1 0 22 19b7d3d6
0 1 1 22 5a4a1823
0 1 2 22 a12b5545
0 1 0 23 dcfee4cd
0 1 1 23 7f6899a1
0 1 2 23 10de248
0 1 0 24 f0901fd
0 1 1 24 131810d7
0 1 2 24 27dec311
0 1 0 25 7f334dc
0 1 1 25 91de7ec
0 1 2 25 12cc0de5
0 1 0 26 390ae7fe
0 1 1 26 ebf4293e
0 1 2 26 d50c42f9
0 1 0 27 d063a19
0 1 1 27 f3ddc114
0 1 2 27 e3e5e5f9
0 1 0 28 3ae5bcd3
0 1 1 28 81903923
0 1 2 28 65d29db7
0 1 0 29 5be157da
0 1 1 29 5a2f4166
0 1 2 29 199f2c03
0 1 0 30 e724392c
0 1 1 30 81a9f4f6
0 1 2 30 9c2858c4
0 1 0 31 c5b7f5a
0 1 1 31 ee119c13
0 1 2 31 f8ee11
0 1 0 32 4ae3c1d1
0 1 1 32 a7a93149
0 1 2 32 3cfdd2e0
0 1 0 33 c8fd3ae6
0 1 1 33 2c2be9c0
0 1 2 33 4bb0b17
0 1 0 34 f6d9e9e1
0 1 1 34 eedff4e5
0 1 2 34 c10a3ee5
0 1 0 35 bc2b3f60
0 1 1 35 5833d9d3
0 1 2 35 2c384905
0 0 0 0 fa60260e
0 0 0 1 653fe878
0 0 0 2 32fe00342
0 0 0 3 d9b01c8a
0 0 0 4 1b60fec8d
0 0 0 5 36ee008d5
0 0 0 6 a62fdf6e
0 0 0 7 142e01580
0 0 0 8 3c69004a4
0 0 0 9 6b4400119
0 0 0 10 47d5000ee
0 0 0 11 b03fe6e2
0 0 0 12 2f6f005cc
0 0 0 13 990013cf
0 0 0 14 40b8fff59
0 0 0 15 844900288
0 0 0 16 fa60260e
0 0 0 17 653fe878
0 0 0 18 32fe00342
0 0 0 19 d9b01c8a
0 0 0 20 1b60fec8d
0 0 0 21 36ee008d5
0 0 0 22 a62fdf6e
0 0 0 23 142e01580
0 0 0 24 3c69004a4
0 0 0 25 6b4400119
0 0 0 26 47d5000ee
0 0 0 27 b03fe6e2
0 0 0 28 2f6f005cc
0 0 0 29 990013cf
0 0 0 30 40b8fff59
0 0 0 31 844900288
0 0 0 32 e5001bc0
0 0 0 33 b55fdc60
0 0 0 34 4176002a6
0 0 0 35 e5900e24
0 0 0 36 11daff9ba
0 0 0 37 378600714
0 0 0 38 570fefd8
0 0 0 39 1056009ee
0 0 0 40 3cf30032c
0 0 0 41 692b00018
0 0 0 42 5288ffe29
0 0 0 43 be6ff7fc
0 0 0 44 3641004f8
0 0 0 45 70600765
0 0 0 46 412effe6b
0 0 0 47 6deefff85
0 0 0 48 e5001bc0
0 0 0 49 b55fdc60
0 0 0 50 4176002a6
0 0 0 51 e5900e24
0 0 0 52 11daff9ba
0 0 0 53 378600714
0 0 0 54 570fefd8
0 0 0 55 1056009ee
0 0 0 56 3cf30032c
0 0 0 57 692b00018
0 0 0 58 5288ffe29
0 0 0 59 be6ff7fc
0 0 0 60 3641004f8
0 0 0 61 70600765
0 0 0 62 412effe6b
0 0 0 63 6deefff85
0 0 0 64 136803a16
0 0 0 65 b40fd4ef
0 0 0 66 317d001b9
0 0 0 67 76400fb5
0 0 0 68 14e4ff0d7
0 0 0 69 29ce00554
0 0 0 70 b74fdafa
0 0 0 71 124001243
0 0 0 72 35a20038b
0 0 0 73 5a84fff73
0 0 0 74 4564fff51
0 0 0 75 9c7fecc0
0 0 0 76 256d0046d
0 0 0 77 89a011b7
0 0 0 78 2e6afff0a
0 0 0 79 61a30002a
0 0 0 80 136803a16
0 0 0 81 b40fd4ef
0 0 0 82 317d001b9
0 0 0 83 76400fb5
0 0 0 84 14e4ff0d7
0 0 0 85 29ce00554
0 0 0 86 b74fdafa
0 0 0 87 124001243
0 0 0 88 35a20038b
0 0 0 89 5a84fff73
0 0 0 90 4564fff51
0 0 0 91 9c7fecc0
0 0 0 92 256d0046d
0 0 0 93 89a011b7
0 0 0 94 2e6afff0a
0 0 0 95 61a30002a
1 1 0 0 20b18fd
1 1 1 0 bf9e518
1 1 2 0 fef6fd07
1 1 3 0 eeaa08e2
1 1 0 1 ea0b08e8
1 1 1 1 14d116dc
1 1 2 1 17fb0800
1 1 3 1 200a09
1 1 0 2 f5100cff
1 1 1 2 20cdf28
1 1 2 2 1bfce93e
1 1 3 2 e52fd112
1 1 0 3 8acf3fee
1 1 1 3 ebfff9f0
1 1 2 3 1e6081c
1 1 3 3 42103f2
1 1 0 4 150e0b04
1 1 1 4 7fae924
1 1 2 4 fefa21f2
1 1 3 4 edf806e6
1 1 0 5 2ade16ef
1 1 1 5 fc01ee08
1 1 2 5 ecff00ff
1 1 3 5 fbeae31d
1 1 0 6 fbf913a5
1 1 1 6 1512b443
1 1 2 6 fcf70ef6
1 1 3 6 d9d61dad
1 1 0 7 ff2be5fc
1 1 1 7 b3aff38
1 1 2 7 1fe0de6
1 1 3 7 df21000
1 1 0 8 f17e0f29
1 1 1 8 fc09f9fb
1 1 2 8 dfbc655
1 1 3 8 a22fa44
1 1 0 9 fb08e3de
1 1 1 9 e007f804
1 1 2 9 fddc08e8
1 1 3 9 f7c8f1f7
1 1 0 10 c6e417e7
1 1 1 10 1003be57
1 1 2 10 e2012aeb
1 1 3 10 fe60b07
1 1 0 11 ddc10202
1 1 1 11 2fb08ff
1 1 2 11 ee040304
1 1 3 11 add24d1
1 1 0 12 1324e75d
1 1 1 12 f70fcc41
1 1 2 12 ef0309fb
1 1 3 12 e70939b4
1 1 0 13 af12fef
1 1 1 13 217f0f8
1 1 2 13 afd11f9
1 1 3 13 fc01fdee
1 1 0 14 327eb17
1 1 1 14 f41116e3
1 1 2 14 ff0f52f1
1 1 3 14 def20d2b
1 1 0 15 9bd23e02
1 1 1 15 f10100f9
1 1 2 15 dfbfd03
1 1 3 15 5100c09
1 1 0 16 81ee1dba
1 1 1 16 7f7cc3f
1 1 2 16 f80942d8
1 1 3 16 f60e1ffb
1 1 0 17 ce51716
1 1 1 17 2d10427
1 1 2 17 17030a03
1 1 3 17 cf40afa
1 1 0 18 a13e31b
1 1 1 18 ff411ff
1 1 2 18 d2011bee
1 1 3 18 1e26af14
1 1 0 19 f410e507
1 1 1 19 e20a0bc2
1 1 2 19 50aeffc
1 1 3 19 516d730
1 1 0 20 f0630021
1 1 1 20 910fc00
1 1 2 20 d3d84ec1
1 1 3 20 130ce40c
1 1 0 21 8fe614e7
1 1 1 21 af0af90e
1 1 2 21 f1f005f9
1 1 3 21 eec313f4
1 1 0 22 10ec17fb
1 1 1 22 fff427c1
1 1 2 22 4060ef8
1 1 3 22 1ddbfbf5
1 1 0 23 f81ea19
1 1 1 23 f6f44bb6
1 1 2 23 e6feff01
1 1 3 23 ffdad6d
1 1 0 24 d0e65381
1 1 1 24 918fc4c
1 1 2 24 3ff65bb5
1 1 3 24 2a51ad48
1 1 0 25 f7cb0709
1 1 1 25 1b7fdf75
1 1 2 25 d4ff0dd7
1 1 3 25 efffd06
1 1 0 26 665ff25
1 1 1 26 fa4608fa
1 1 2 26 20b6ef3c
1 1 3 26 103ae957
1 1 0 27 1332b1fa
1 1 1 27 1c16d542
1 1 2 27 fcc0220
1 1 3 27 43df00b
1 1 0 28 e7d02f9e
1 1 1 28 f4ff6481
1 1 2 28 d30416f0
1 1 3 28 26ceff1b
1 1 0 29 e7d8e6b2
1 1 1 29 e80c6981
1 1 2 29 11020206
1 1 3 29 d1d548a3
1 1 0 30 1a44c847
1 1 1 30 1bf8c04d
1 1 2 30 f8f440d6
1 1 3 30 1e5dcb2c
1 1 0 31 12b234ca
1 1 1 31 f3e232c6
1 1 2 31 e7f204ef
1 1 3 31 f1d516b8
1 1 0 32 a0e18ce
1 1 1 32 421112
1 1 2 32 fbfeae5a
1 1 3 32 b110956
1 1 0 33 dc87131d
1 1 1 33 f306e723
1 1 2 33 efca11d8
1 1 3 33 681f510
1 1 0 34 b4c24499
1 1 1 34 faf6439c
1 1 2 34 2a0105fc
1 1 3 34 ea000c02
1 1 0 35 efd0f51c
1 1 1 35 ea0051b7
1 1 2 35 7f020601
1 1 3 35 12efdfc
1 1 0 36 20f7c72e
1 1 1 36 aef28d8
1 1 2 36 1f0214de
1 1 3 36 f3f11416
1 1 0 37 12eee71a
1 1 1 37 e63fedf6
1 1 2 37 fd0809f8
1 1 3 37 a0cbe56
1 1 0 38 1325f11a
1 1 1 38 51bf3f7
1 1 2 38 f9e5e7d8
1 1 3 38 eceafbf7
1 1 0 39 9ac72acc
1 1 1 39 5810f821
1 1 2 39 f3ff0be8
1 1 3 39 e140209
1 1 0 40 ed134dc0
1 1 1 40 207fa18
1 1 2 40 101e513
1 1 3 40 7f20ed6
1 1 0 41 fff21723
1 1 1 41 1245a541
1 1 2 41 dc0103fe
1 1 3 41 2df8957f
1 1 0 42 e5ed32bb
1 1 1 42 1fa549b
1 1 2 42 7ff353af
1 1 3 42 f7ec301a
1 1 0 43 f0c22bf1
1 1 1 43 2042db50
1 1 2 43 d6f806da
1 1 3 43 e14021b
1 1 0 44 ef0f13c1
1 1 1 44 fb4d161d
1 1 2 44 fbcf6581
1 1 3 44 232ef57f
1 1 0 45 2feedc18
1 1 1 45 6d0ef63b
1 1 2 45 fbe8eb0f
1 1 3 45 5aaebf8
1 1 0 46 dee1468a
1 1 1 46 4ffe92f
1 1 2 46 1b00fa02
1 1 3 46 1eb1afc
1 1 0 47 f5e9f6de
1 1 1 47 f6aba3d
1 1 2 47 e500010a
1 1 3 47 c4ea37b1
1 1 0 48 8170b1f
1 1 1 48 f4196081
1 1 2 48 11f834eb
1 1 3 48 f7eb2b33
1 1 0 49 ed03e8
1 1 1 49 6044ead
1 1 2 49 e8f419d3
1 1 3 49 e3df6b81
1 1 0 50 120af3fb
1 1 1 50 320f426
1 1 2 50 bd2f447
1 1 3 50 10f8f55f
1 1 0 51 d2cb090c
1 1 1 51 d4fb0507
1 1 2 51 fd9f80b
1 1 3 51 fe0def0f
1 1 0 52 d1ff3f95
1 1 1 52 5f8f12b
1 1 2 52 fafff101
1 1 3 52 eff4f82a
1 1 0 53 19f52329
1 1 1 53 1139e23e
1 1 2 53 1c010200
1 1 3 53 80504ec
1 1 0 54 f7f0c90d
1 1 1 54 9fd1efd
1 1 2 54 f3f60606
1 1 3 54 102afb00
1 1 0 55 e03de314
1 1 1 55 101edf0f
1 1 2 55 1802fcf3
1 1 3 55 af3e4f6
1 1 0 56 8edf020
1 1 1 56 f060107
1 1 2 56 ff53bf0
1 1 3 56 f3d8ed0d
1 1 0 57 ecfef110
1 1 1 57 f705fb01
1 1 2 57 fd023909
1 1 3 57 1805dbf9
1 1 0 58 d1df0a2f
1 1 1 58 fdf105fe
1 1 2 58 2c0101da
1 1 3 58 fa0632f5
1 1 0 59 161ab807
1 1 1 59 fddbfefb
1 1 2 59 c03fcfa
1 1 3 59 e5ef0a06
1 1 0 60 ee4af0fc
1 1 1 60 fdd60fff
1 1 2 60 fef00cfd
1 1 3 60 e75dc814
1 1 0 61 fc1d9800
1 1 1 61 6d80001
1 1 2 61 f81309fb
1 1 3 61 9effcfd
1 1 0 62 14f0d5e3
1 1 1 62 fb2db004
1 1 2 62 1be5fdf3
1 1 3 62 eecfff9
1 1 0 63 ee8e405
1 1 1 63 28f6f5e5
1 1 2 63 f8121008
1 1 3 63 201f509
1 1 0 64 f7d409f1
1 1 1 64 febefd00
1 1 2 64 7ff7f9af
1 1 3 64 1734fa
1 1 0 65 af6f5fb
1 1 1 65 207ea00
1 1 2 65 906fffe
1 1 3 65 2040802
1 1 0 66 10a744f9
1 1 1 66 14cafef8
1 1 2 66 4effa01
1 1 3 66 f23fa927
1 1 0 67 f01f2fc
1 1 1 67 61ed4f7
1 1 2 67 170301fc
1 1 3 67 122502fe
1 1 0 68 f413bff3
1 1 1 68 dd1adc13
1 1 2 68 dceae82b
1 1 3 68 1b18f2ea
1 1 0 69 b7fec7c4
1 1 1 69 fa060701
1 1 2 69 14ee0c0b
1 1 3 69 9fdfcff
1 1 0 70 fe0114fc
1 1 1 70 1e2f9f9
1 1 2 70 710908a8
1 1 3 70 f0ff4f9
1 1 0 71 eaf0190a
1 1 1 71 ecfe405
1 1 2 71 12ff02fd
1 1 3 71 f4eaee06
1 1 0 72 cfbd8f3
1 1 1 72 30a0f08
1 1 2 72 20fe01e4
1 1 3 72 1eefed
1 1 0 73 63fbbf6
1 1 1 73 ff5311ff
1 1 2 73 d8fe0117
1 1 3 73 10bfddf4
1 1 0 74 ffefc9fd
1 1 1 74 27fbd2eb
1 1 2 74 1edd54cf
1 1 3 74 15cd0410
1 1 0 75 eaf9d7f4
1 1 1 75 2bfd00e8
1 1 2 75 91539f6
1 1 3 75 f80ceaf6
1 1 0 76 fadc0004
1 1 1 76 fe290302
1 1 2 76 1804fded
1 1 3 76 f4f81203
1 1 0 77 5fdcefc
1 1 1 77 ec28e217
1 1 2 77 b06fef8
1 1 3 77 17d436ee
1 1 0 78 e96e0f1b
1 1 1 78 fdebf303
1 1 2 78 926faff
1 1 3 78 60d11db
1 1 0 79 e8d3ad17
1 1 1 79 f2cb0be9
1 1 2 79 810d014b
1 1 3 79 fee103fd
1 1 0 80 3ead2d6
1 1 1 80 f300cc0a
1 1 2 80 fe26ee8
1 1 3 80 2cd3f4f5
1 1 0 81 17fee616
1 1 1 81 ddcfff27
1 1 2 81 ffee61f1
1 1 3 81 f709d406
1 1 0 82 25d42de2
1 1 1 82 1520505
1 1 2 82 3afdfbd9
1 1 3 82 f2e9520d
1 1 0 83 53edbf1
1 1 1 83 ed269f1c
1 1 2 83 f9000408
1 1 3 83 ec3f0100
1 1 0 84 1ba7cee
1 1 1 84 7e9f0ee
1 1 2 84 210c06ef
1 1 3 84 eff3bcdb
1 1 0 85 4f3a51d
1 1 1 85 fb08cf15
1 1 2 85 a1fd0450
1 1 3 85 fa4f11f9
1 1 0 86 c23da01
1 1 1 86 f8eec903
1 1 2 86 eebe8fe
1 1 3 86 1702ddee
1 1 0 87 ce0c28e6
1 1 1 87 3dcf603
1 1 2 87 3c3c03
1 1 3 87 f50d09f1
1 1 0 88 1e012ae3
1 1 1 88 fb400305
1 1 2 88 bfd00f1
1 1 3 88 7f219f3
1 1 0 89 2d51201
1 1 1 89 51ed70c
1 1 2 89 cb0a022e
1 1 3 89 fcfed700
1 1 0 90 fbeb0502
1 1 1 90 d20f700
1 1 2 90 f609060b
1 1 3 90 e0dd0c0d
1 1 0 91 fd180403
1 1 1 91 11d20f7
1 1 2 91 d4fb0821
1 1 3 91 6cb15f5
1 1 0 92 539e1f5
1 1 1 92 623e9fa
1 1 2 92 152ce0ef
1 1 3 92 221934e7
1 1 0 93 e617edfd
1 1 1 93 c0031527
1 1 2 93 fcfd0c10
1 1 3 93 4eeef03
1 1 0 94 fefa02f9
1 1 1 94 fdef0304
1 1 2 94 c809fa2e
1 1 3 94 fa0cf3ee
1 1 0 95 f7f5eff2
1 1 1 95 5f60be1
1 1 2 95 1a00fef3
1 1 3 95 18bd24ef
1 1 0 96 b48f5fd
1 1 1 96 fd3de714
1 1 2 96 eb28eb1c
1 1 3 96 f6b8d811
1 1 0 97 110acef8
1 1 1 97 fbc82de3
1 1 2 97 b402ed43
1 1 3 97 fde804e8
1 1 0 98 f831e803
1 1 1 98 f3ee1d02
1 1 2 98 f33b340d
1 1 3 98 240ff0ed
1 1 0 99 14e8e8e8
1 1 1 99 e3de0c37
1 1 2 99 40548ed
1 1 3 99 fe00e804
1 1 0 100 25f2e9f0
1 1 1 100 1e50b01
1 1 2 100 d507ff26
1 1 3 100 ea022103
1 1 0 101 332cbfc
1 1 1 101 f90815df
1 1 2 101 13f300f4
1 1 3 101 fa2de8ed
1 1 0 102 ac109f4
1 1 1 102 447f903
1 1 2 102 310f403
1 1 3 102 1998fd02
1 1 0 103 f20bb70c
1 1 1 103 501e217
1 1 2 103 cc12f527
1 1 3 103 35aebf9
1 1 0 104 3c0fd0c
1 1 1 104 11cbf70c
1 1 2 104 f8d72dff
1 1 3 104 22e3c1f4
1 1 0 105 dcead5ea
1 1 1 105 2aeefdd9
1 1 2 105 1042ff1
1 1 3 105 9f8eefb
1 1 0 106 e3131209
1 1 1 106 e10002
1 1 2 106 d806fc1c
1 1 3 106 edb17ed
1 1 0 107 1c50612
1 1 1 107 fdddfeef
1 1 2 107 fc04fc09
1 1 3 107 f607fb13
1 1 0 108 ad9d806
1 1 1 108 ff071811
1 1 2 108 fb00fefa
1 1 3 108 18280df5
1 1 0 109 7ddd01c
1 1 1 109 10edcc1a
1 1 2 109 f5fcfffb
1 1 3 109 f2f3ec02
1 1 0 110 1ef6e426
1 1 1 110 f07fff5
1 1 2 110 e70d2be9
1 1 3 110 f6fbf30c
1 1 0 111 2533beea
1 1 1 111 6f5feff
1 1 2 111 f9370efa
1 1 3 111 b06e4f9
1 1 0 112 fbe8e72a
1 1 1 112 fcf60000
1 1 2 112 f9fdff0b
1 1 3 112 4ba001a
1 1 0 113 f71fe4ea
1 1 1 113 4f9fb0c
1 1 2 113 efffb04
1 1 3 113 1025200b
1 1 0 114 f5cfc908
1 1 1 114 e9311df0
1 1 2 114 fc0502
1 1 3 114 150de2ce
1 1 0 115 2d3d519
1 1 1 115 f9f606f3
1 1 2 115 eff40001
1 1 3 115 12ed0b00
1 1 0 116 f0baa7fd
1 1 1 116 fadbda07
1 1 2 116 4271d03
1 1 3 116 f526090e
1 1 0 117 333ff43
1 1 1 117 1d03fdfb
1 1 2 117 21a0d02
1 1 3 117 feec1ccc
1 1 0 118 302fcd5
1 1 1 118 eb0001f9
1 1 2 118 1cf6fa06
1 1 3 118 f1ad1807
1 1 0 119 8f2c106
1 1 1 119 1cee811
1 1 2 119 3fdfb02
1 1 3 119 fce9ecec
1 1 0 120 110f3aad
1 1 1 120 819080f
1 1 2 120 3f5030a
1 1 3 120 bcbd4e2
1 1 0 121 11110aa4
1 1 1 121 af0f32c
1 1 2 121 eaf6f809
1 1 3 121 181e0cf8
1 1 0 122 eed0b707
1 1 1 122 10f6d0ed
1 1 2 122 1af2c82b
1 1 3 122 fc0ffae0
1 1 0 123 ddf1eb2c
1 1 1 123 603faf8
1 1 2 123 12e4ff04
1 1 3 123 fe0fe90f
1 1 0 124 152cf1ed
1 1 1 124 f20303f3
1 1 2 124 3030909
1 1 3 124 ffea0327
1 1 0 125 f22022d7
1 1 1 125 18faf802
1 1 2 125 f2fe00fb
1 1 3 125 fdf6fa08
1 1 0 126 ece2f325
1 1 1 126 a0204f6
1 1 2 126 2bfe06f5
1 1 3 126 cfddfb24
1 1 0 127 ebf8d113
1 1 1 127 20fbf84a
1 1 2 127 2fd0406
1 1 3 127 501e0ef
1 1 0 128 995ad01
1 1 1 128 fcafd236
1 1 2 128 1d5425f5
1 1 3 128 d3d9d9f1
1 1 0 129 1b34f0ef
1 1 1 129 4401f6f8
1 1 2 129 34435f9
1 1 3 129 4d9f1c2
1 1 0 130 d610fc3e
1 1 1 130 2f000fe
1 1 2 130 ed04fc04
1 1 3 130 eeaafb07
1 1 0 131 f8b8100d
1 1 1 131 1e0ff0d3
1 1 2 131 15000003
1 1 3 131 463e2d
1 1 0 132 26ceec5a
1 1 1 132 f10ffad4
1 1 2 132 c8fd0ff7
1 1 3 132 a6330e91
1 1 0 133 9e2d21d
1 1 1 133 cf18451e
1 1 2 133 19fd09fa
1 1 3 133 ec0c20f3
1 1 0 134 c99f881f
1 1 1 134 f59bb932
1 1 2 134 e71a32cd
1 1 3 134 f9f9df15
1 1 0 135 d1af733
1 1 1 135 e109fc04
1 1 2 135 de7f5f0a
1 1 3 135 eff6fff5
1 1 0 136 22dc02b6
1 1 1 136 18030608
1 1 2 136 270201fb
1 1 3 136 caa52f1b
1 1 0 137 8f2a6e6
1 1 1 137 1902a4d3
1 1 2 137 e0fdfb04
1 1 3 137 1ce5023c
1 1 0 138 db125e14
1 1 1 138 d721f5d7
1 1 2 138 6f70304
1 1 3 138 b7713198
1 1 0 139 2bcbcf8f
1 1 1 139 1700ee62
1 1 2 139 afb00f3
1 1 3 139 f8152029
1 1 0 140 e1cf1a
1 1 1 140 2eebde2
1 1 2 140 4161000
1 1 3 140 f107e81a
1 1 0 141 f88bac25
1 1 1 141 1609fbfb
1 1 2 141 d291f03
1 1 3 141 f793f3f5
1 1 0 142 17cae4ff
1 1 1 142 13f1fe09
1 1 2 142 e0090300
1 1 3 142 1f42d17
1 1 0 143 1db21ace
1 1 1 143 1208dabd
1 1 2 143 87fc0101
1 1 3 143 fde4ed02
1 1 0 144 f1171411
1 1 1 144 70009fe
1 1 2 144 e5fd0cfa
1 1 3 144 dddec04
1 1 0 145 e825192c
1 1 1 145 18f92273
1 1 2 145 cf60504
1 1 3 145 1017f9f6
1 1 0 146 e2c6b8e4
1 1 1 146 1bddc44
1 1 2 146 161b12e8
1 1 3 146 d00d0c0d
1 1 0 147 332ddadf
1 1 1 147 a40500ff
1 1 2 147 16030bf6
1 1 3 147 f4150c08
1 1 0 148 130001db
1 1 1 148 1070901
1 1 2 148 fb050002
1 1 3 148 f61a081b
1 1 0 149 ffd4fcf4
1 1 1 149 f113eff3
1 1 2 149 21ff0000
1 1 3 149 ebdd071e
1 1 0 150 2b02062c
1 1 1 150 d0df8e9
1 1 2 150 8dff03fc
1 1 3 150 15e9b707
1 1 0 151 26090f00
1 1 1 151 d5195f75
1 1 2 151 31f7f9fb
1 1 3 151 f13b21e9
1 1 0 152 15d1b3f7
1 1 1 152 ffbbc018
1 1 2 152 f93dfddb
1 1 3 152 d5bdd8cd
1 1 0 153 f91a085f
1 1 1 153 81020418
1 1 2 153 fb5440f5
1 1 3 153 f8ef29c7
1 1 0 154 ee18faab
1 1 1 154 fef9020d
1 1 2 154 eb0501fb
1 1 3 154 e7f31505
1 1 0 155 11e5ebb9
1 1 1 155 db560cc3
1 1 2 155 e02fefe
1 1 3 155 4f40d36
1 1 0 156 fdfb3e31
1 1 1 156 2313ebe5
1 1 2 156 f2f4ee02
1 1 3 156 2cedebf5
1 1 0 157 dd4cc97
1 1 1 157 19f90768
1 1 2 157 ff6f7ee
1 1 3 157 121a2049
1 1 0 158 f7f10c
1 1 1 158 2ef7e800
1 1 2 158 1f313b8
1 1 3 158 d7e2c21f
1 1 0 159 f19ea61a
1 1 1 159 19020a10
1 1 2 159 ec4a2ff4
1 1 3 159 ff03a002
1 1 0 160 c609e436
1 1 1 160 fcfc050d
1 1 2 160 80301fd
1 1 3 160 f7121705
1 1 0 161 f4f5cfc8
1 1 1 161 d5f0ddf
1 1 2 161 df05fffa
1 1 3 161 fdd7e7f6
1 1 0 162 2e0f040c
1 1 1 162 e5030e0d
1 1 2 162 f5feedfd
1 1 3 162 f52006d6
1 1 0 163 1c2d0e32
1 1 1 163 eae61c32
1 1 2 163 fd03f8fe
1 1 3 163 f0af800
1 1 0 164 251bf709
1 1 1 164 1d061b09
1 1 2 164 d9f20322
1 1 3 164 2cebeae2
1 1 0 165 1490ecfb
1 1 1 165 1ff05ff
1 1 2 165 db00fff5
1 1 3 165 e7db02cd
1 1 0 166 18fef4d1
1 1 1 166 f7fd0616
1 1 2 166 2fff2f8
1 1 3 166 f7e5f3b1
1 1 0 167 e70014d3
1 1 1 167 141cffed
1 1 2 167 20b01
1 1 3 167 e80ff7e7
1 1 0 168 ee52b27
1 1 1 168 fde2f027
1 1 2 168 fcfbf006
1 1 3 168 fff7d237
1 1 0 169 201a3834
1 1 1 169 2e1fe1e5
1 1 2 169 fb07f801
1 1 3 169 f8f112fc
1 1 0 170 6c28e2f6
1 1 1 170 70c1e0a
1 1 2 170 eb200ef1
1 1 3 170 2504dba5
1 1 0 171 f1faf529
1 1 1 171 4ff1df5
1 1 2 171 d3fa0d05
1 1 3 171 f4f80a1a
1 1 0 172 e4fafde5
1 1 1 172 f7f31125
1 1 2 172 5f907f4
1 1 3 172 cb13f581
1 1 0 173 96c1f0f7
1 1 1 173 1623fcdc
1 1 2 173 5fe0601
1 1 3 173 e1ebe40b
1 1 0 174 13ecedd0
1 1 1 174 1c0e143d
1 1 2 174 207f008
1 1 3 174 fc20d26a
1 1 0 175 f8ca324d
1 1 1 175 7151639
1 1 2 175 fa02f5fb
1 1 3 175 f0f31de1
1 1 0 176 443709fe
1 1 1 176 16f10300
1 1 2 176 1830a5ef
1 1 3 176 f9e3cdad
1 1 0 177 cf81e18b
1 1 1 177 7fd0cff
1 1 2 177 e2f2ef0a
1 1 3 177 1cf01de
1 1 0 178 202009d
1 1 1 178 11fb161b
1 1 2 178 bfa04f4
1 1 3 178 ed21feb7
1 1 0 179 f9e9f1c5
1 1 1 179 fd210305
1 1 2 179 3fa09ff
1 1 3 179 e30807fc
1 1 0 180 13481df9
1 1 1 180 f9e30215
1 1 2 180 3faf6fe
1 1 3 180 2bb756fe
1 1 0 181 2e6b09e3
1 1 1 181 12041eec
1 1 2 181 2041004
1 1 3 181 1711f5f5
1 1 0 182 3f19f91e
1 1 1 182 407f04f4
1 1 2 182 e5dbe10f
1 1 3 182 20d6fadb
1 1 0 183 bdcd8d8
1 1 1 183 a020303
1 1 2 183 d6f1fd04
1 1 3 183 e801ee15
1 1 0 184 2215ffc7
1 1 1 184 7f305
1 1 2 184 3feecf2
1 1 3 184 e21501bd
1 1 0 185 8a2c27e9
1 1 1 185 f01cad7
1 1 2 185 500fe
1 1 3 185 c20727d6
1 1 0 186 e701ee0d
1 1 1 186 16d3f672
1 1 2 186 cffcdfe
1 1 3 186 67815a19
1 1 0 187 a7d8090c
1 1 1 187 4647c6aa
1 1 2 187 4fbf7fc
1 1 3 187 e7effdeb
1 1 0 188 7f6afe1e
1 1 1 188 2a1a0213
1 1 2 188 d3d3f714
1 1 3 188 bf017a0
1 1 0 189 b18033d
1 1 1 189 7030af6
1 1 2 189 cde91af2
1 1 3 189 18cff2e8
1 1 0 190 18b3d8b8
1 1 1 190 f504e3fd
1 1 2 190 4f703f4
1 1 3 190 b11bfca6
1 1 0 191 878400ce
1 1 1 191 19f8d725
1 1 2 191 304ff03
1 1 3 191 b30d50a
1 1 0 192 1d16e4d1
1 1 1 192 17f43864
1 1 2 192 1ffdcfd
1 1 3 192 32c351f8
1 1 0 193 81931100
1 1 1 193 eafc0f16
1 1 2 193 fdf1fe01
1 1 3 193 fbf01c2b
1 1 0 194 1022f8cc
1 1 1 194 36e8e806
1 1 2 194 dbfef1dd
1 1 3 194 53638de
1 1 0 195 a02dfed7
1 1 1 195 50e11fc
1 1 2 195 ece5f503
1 1 3 195 d6310c0d
1 1 0 196 aa1f5d3
1 1 1 196 f9fef5f7
1 1 2 196 7f9f6fd
1 1 3 196 e80f01b7
1 1 0 197 d7f6f407
1 1 1 197 cf3c423
1 1 2 197 fefee802
1 1 3 197 8e3190c
1 1 0 198 f21f22e5
1 1 1 198 fbfffe0b
1 1 2 198 3ffe401
1 1 3 198 ff3bb129
1 1 0 199 ea3510c2
1 1 1 199 1f4513d0
1 1 2 199 fef80809
1 1 3 199 beb0615
1 1 0 200 36091523
1 1 1 200 276d0ee9
1 1 2 200 f1de35e5
1 1 3 200 dbd10f8
1 1 0 201 d788d294
1 1 1 201 17feda03
1 1 2 201 daecde0d
1 1 3 201 edaaf09c
1 1 0 202 39fbdd98
1 1 1 202 fc00fdeb
1 1 2 202 1ffff02
1 1 3 202 63917fd
1 1 0 203 bde7f0b7
1 1 1 203 48d14948
1 1 2 203 fefe08fd
1 1 3 203 d80b1e02
1 1 0 204 ceedf4e6
1 1 1 204 1e6ed2b
1 1 2 204 f7f7c1ec
1 1 3 204 d823a6f7
1 1 0 205 bcaf08f5
1 1 1 205 275edede
1 1 2 205 f8f5fcf8
1 1 3 205 2625e40e
1 1 0 206 14ffffea
1 1 1 206 42eecdde
1 1 2 206 ee1dc1d
1 1 3 206 90a431c
1 1 0 207 2519fb5d
1 1 1 207 100aeffe
1 1 2 207 d3d30d05
1 1 3 207 ec0705fe
1 1 0 208 cd5f0e2
1 1 1 208 90608f1
1 1 2 208 fef9fb00
1 1 3 208 ea13e5ea
1 1 0 209 a4ab05d4
1 1 1 209 5fc96569
1 1 2 209 fe010a05
1 1 3 209 f757fb01
1 1 0 210 2b37f2ff
1 1 1 210 df1306
1 1 2 210 f8fbcef2
1 1 3 210 bfe8ddf8
1 1 0 211 b1b52517
1 1 1 211 e4f6180b
1 1 2 211 faf7f6fa
1 1 3 211 e2cf05b
1 1 0 212 1f017dc
1 1 1 212 1503fbef
1 1 2 212 dee0d038
1 1 3 212 44b0eff
1 1 0 213 c5d708d0
1 1 1 213 5141204
1 1 2 213 e8ef0b14
1 1 3 213 ffd2feb2
1 1 0 214 c9eecef1
1 1 1 214 308fdf5
1 1 2 214 30604
1 1 3 214 f50812f7
1 1 0 215 fbe9ffe1
1 1 1 215 38e21437
1 1 2 215 ff0103
1 1 3 215 f3cef50a
1 0 0 0 68b800bbc
1 0 0 1 21a80135e
1 0 0 2 336202999
1 0 0 3 355400671
1 0 0 4 1bc801c38
1 0 0 5 493c00597
1 0 0 6 e4d00f01
1 0 0 7 79680213f
1 0 0 8 64ee0146d
1 0 0 9 89af01405
1 0 0 10 3b8a01858
1 0 0 11 2eccff860
1 0 0 12 26bfffd85
1 0 0 13 3b2302276
1 0 0 14 34d00cd5
1 0 0 15 1d3600441
1 0 0 16 20af01e58
1 0 0 17 f3000715
1 0 0 18 24cf00d9c
1 0 0 19 86130144f
1 0 0 20 1ea300744
1 0 0 21 53c900bc6
1 0 0 22 a47d024da
1 0 0 23 7a5e01197
1 0 0 24 68b800bbc
1 0 0 25 21a80135e
1 0 0 26 336202999
1 0 0 27 355400671
1 0 0 28 1bc801c38
1 0 0 29 493c00597
1 0 0 30 e4d00f01
1 0 0 31 79680213f
1 0 0 32 64ee0146d
1 0 0 33 89af01405
1 0 0 34 3b8a01858
1 0 0 35 2eccff860
1 0 0 36 26bfffd85
1 0 0 37 3b2302276
1 0 0 38 34d00cd5
1 0 0 39 1d3600441
1 0 0 40 20af01e58
1 0 0 41 f3000715
1 0 0 42 24cf00d9c
1 0 0 43 86130144f
1 0 0 44 1ea300744
1 0 0 45 53c900bc6
1 0 0 46 a47d024da
1 0 0 47 7a5e01197
1 0 0 48 82c2016bb
1 0 0 49 2d6c0179b
1 0 0 50 421601fe0
1 0 0 51 48cb00681
1 0 0 52 13a800c71
1 0 0 53 536900d65
1 0 0 54 b2600952
1 0 0 55 609b01eff
1 0 0 56 302700e81
1 0 0 57 342b00989
1 0 0 58 300a0060f
1 0 0 59 14ba003fc
1 0 0 60 26caff469
1 0 0 61 6dbb02f4d
1 0 0 62 126f009ae
1 0 0 63 28a5008ac
1 0 0 64 11800284
1 0 0 65 18100636
1 0 0 66 6e1901595
1 0 0 67 3e6300d1a
1 0 0 68 23da0071a
1 0 0 69 2bff00a61
1 0 0 70 aea60352e
1 0 0 71 3efa00731
1 0 0 72 82c2016bb
1 0 0 73 2d6c0179b
1 0 0 74 421601fe0
1 0 0 75 48cb00681
1 0 0 76 13a800c71
1 0 0 77 536900d65
1 0 0 78 b2600952
1 0 0 79 609b01eff
1 0 0 80 302700e81
1 0 0 81 342b00989
1 0 0 82 300a0060f
1 0 0 83 14ba003fc
1 0 0 84 26caff469
1 0 0 85 6dbb02f4d
1 0 0 86 126f009ae
1 0 0 87 28a5008ac
1 0 0 88 11800284
1 0 0 89 18100636
1 0 0 90 6e1901595
1 0 0 91 3e6300d1a
1 0 0 92 23da0071a
1 0 0 93 2bff00a61
1 0 0 94 aea60352e
1 0 0 95 3efa00731
1 0 0 96 59a502b59
1 0 0 97 26ef00d7e
1 0 0 98 290302ff6
1 0 0 99 3b8e00480
1 0 0 100 294d015f2
1 0 0 101 764b01623
1 0 0 102 49a004e7
1 0 0 103 5294022bd
1 0 0 104 3c3200a20
1 0 0 105 453c00e3a
1 0 0 106 1b4301a69
1 0 0 107 f4dffc64
1 0 0 108 249fffc97
1 0 0 109 31f402221
1 0 0 110 1714005f9
1 0 0 111 8140009c0
1 0 0 112 51600aea
1 0 0 113 ec003b8
1 0 0 114 181f00da7
1 0 0 115 4a5400bbf
1 0 0 116 12460065f
1 0 0 117 28d2014ba
1 0 0 118 243a02caa
1 0 0 119 4f450095f
1 0 0 120 59a502b59
1 0 0 121 26ef00d7e
1 0 0 122 290302ff6
1 0 0 123 3b8e00480
1 0 0 124 294d015f2
1 0 0 125 764b01623
1 0 0 126 49a004e7
1 0 0 127 5294022bd
1 0 0 128 3c3200a20
1 0 0 129 453c00e3a
1 0 0 130 1b4301a69
1 0 0 131 f4dffc64
1 0 0 132 249fffc97
1 0 0 133 31f402221
1 0 0 134 1714005f9
1 0 0 135 8140009c0
1 0 0 136 51600aea
1 0 0 137 ec003b8
1 0 0 138 181f00da7
1 0 0 139 4a5400bbf
1 0 0 140 12460065f
1 0 0 141 28d2014ba
1 0 0 142 243a02caa
1 0 0 143 4f450095f
2 1 0 0 8fcfc04
2 1 0 1 f31000e2
2 1 0 2 9fe04a5
2 1 0 3 1519f7fa
2 1 0 4 7f8103ce
2 1 0 5 2f08fe81
2 1 0 6 50efff0
2 1 0 7 f6117fcb
2 1 0 8 f9fffdb2
2 1 0 9 ad060205
2 1 0 10 c1e5cbec
2 1 0 11 3d08f9f9
2 1 0 12 bee23f01
2 1 0 13 8d7f7f7f
2 1 0 14 7feed8f0
2 1 0 15 bc02e5ed
2 1 0 16 d8fad7f4
2 1 0 17 1f000107
2 1 0 18 807e3ff
2 1 0 19 161bd3ef
2 1 0 20 f0df37f9
2 1 0 21 fef1bb0b
2 1 0 22 7fc6137f
2 1 0 23 a7f7f00
2 1 0 24 12fb26fb
2 1 0 25 3164f0d
2 1 0 26 3dd930d
2 1 0 27 2afef637
2 1 0 28 550f057c
2 1 0 29 7f0202b2
2 1 0 30 5f8dd32
2 1 0 31 44f77f59
2 1 0 32 177f0db7
2 1 0 33 4c02ef33
2 1 0 34 5b00eb7f
2 1 0 35 5dfbedcf
2 1 0 36 1b0303c0
2 1 0 37 5efbfb98
2 1 0 38 7fc0181
2 1 0 39 e5fefcd1
2 1 0 40 f0ec0a37
2 1 0 41 b101fc00
2 1 0 42 f7e0f8ad
2 1 0 43 5a7f7fe1
2 1 0 44 7fe1f9a7
2 1 0 45 314f92c
2 1 0 46 444f632
2 1 0 47 eef1f89b
2 1 0 48 10f4e40a
2 1 0 49 7f817f81
2 1 0 50 a02fef7b
2 1 0 51 101ef5fc
2 1 0 52 10450cd5
2 1 0 53 12fff533
2 0 0 0 34903259
2 0 0 1 6f2fed1b
2 0 0 2 a3004026
2 0 0 3 7c800083
2 0 0 4 6bcffda4
2 0 0 5 16b000dc
2 0 0 6 90e006e0
2 0 0 7 15d01d43
2 0 0 8 30d00237
2 0 0 9 19dffeb8
2 0 0 10 621000ac
2 0 0 11 34c00402
2 0 0 12 51bff279
2 0 0 13 89efea5e
2 0 0 14 2fbbf7efe
2 0 0 15 da4ff903
2 0 0 16 e401bc3
2 0 0 17 283ffe9b8
2 0 0 18 175bffb2c
2 0 0 19 255ffe69
2 0 0 20 19f1004a8
2 0 0 21 418004bd
2 0 0 22 59bfe9b8
2 0 0 23 23a0072d
2 0 0 24 34903259
2 0 0 25 6f2fed1b
2 0 0 26 a3004026
2 0 0 27 7c800083
2 0 0 28 6bcffda4
2 0 0 29 16b000dc
2 0 0 30 90e006e0
2 0 0 31 15d01d43
2 0 0 32 30d00237
2 0 0 33 19dffeb8
2 0 0 34 621000ac
2 0 0 35 34c00402
2 0 0 36 51bff279
2 0 0 37 89efea5e
2 0 0 38 2fbbf7efe
2 0 0 39 da4ff903
2 0 0 40 e401bc3
2 0 0 41 283ffe9b8
2 0 0 42 175bffb2c
2 0 0 43 255ffe69
2 0 0 44 19f1004a8
2 0 0 45 418004bd
2 0 0 46 59bfe9b8
2 0 0 47 23a0072d
2 0 0 48 6600b52
2 0 0 49 682fe894
2 0 0 50 56c01ffe
2 0 0 51 705ffd5d
2 0 0 52 af500498
2 0 0 53 438007a7
2 0 0 54 274fff8d8
2 0 0 55 1b301d3a
2 0 0 56 731ffa42
2 0 0 57 44f004d8
2 0 0 58 6af0102e
2 0 0 59 78c00456
2 0 0 60 5cffeac4
2 0 0 61 691fec9b
2 0 0 62 1eeafbc4a
2 0 0 63 a45fe114
2 0 0 64 9f10185a
2 0 0 65 3d88fcc5e
2 0 0 66 88e006f1
2 0 0 67 2910068a
2 0 0 68 b260073a
2 0 0 69 a1effdc4
2 0 0 70 21aff9df
2 0 0 71 4d401d70
2 0 0 72 6600b52
2 0 0 73 682fe894
2 0 0 74 56c01ffe
2 0 0 75 705ffd5d
2 0 0 76 af500498
2 0 0 77 438007a7
2 0 0 78 274fff8d8
2 0 0 79 1b301d3a
2 0 0 80 731ffa42
2 0 0 81 44f004d8
2 0 0 82 6af0102e
2 0 0 83 78c00456
2 0 0 84 5cffeac4
2 0 0 85 691fec9b
2 0 0 86 1eeafbc4a
2 0 0 87 a45fe114
2 0 0 88 9f10185a
2 0 0 89 3d88fcc5e
2 0 0 90 88e006f1
2 0 0 91 2910068a
2 0 0 92 b260073a
2 0 0 93 a1effdc4
2 0 0 94 21aff9df
2 0 0 95 4d401d70
2 0 0 96 4e01ba7
2 0 0 97 5c0ff717
2 0 0 98 785033cc
2 0 0 99 5cafff46
2 0 0 100 7990198b
2 0 0 101 18a0044f
2 0 0 102 4032004a2
2 0 0 103 20e02fc2
2 0 0 104 5faffdf1
2 0 0 105 18a009a3
2 0 0 106 b54ff1b8
2 0 0 107 ef0006e6
2 0 0 108 703fe8f7
2 0 0 109 8d2fe8f8
2 0 0 110 186cfe0cd
2 0 0 111 335ff299
2 0 0 112 5a904b22
2 0 0 113 95dafb9e6
2 0 0 114 18d8ffa82
2 0 0 115 259008c3
2 0 0 116 c59009b5
2 0 0 117 873ff97c
2 0 0 118 739fdb54
2 0 0 119 41900494
2 0 0 120 4e01ba7
2 0 0 121 5c0ff717
2 0 0 122 785033cc
2 0 0 123 5cafff46
2 0 0 124 7990198b
2 0 0 125 18a0044f
2 0 0 126 4032004a2
2 0 0 127 20e02fc2
2 0 0 128 5faffdf1
2 0 0 129 18a009a3
2 0 0 130 b54ff1b8
2 0 0 131 ef0006e6
2 0 0 132 703fe8f7
2 0 0 133 8d2fe8f8
2 0 0 134 186cfe0cd
2 0 0 135 335ff299
2 0 0 136 5a904b22
2 0 0 137 95dafb9e6
2 0 0 138 18d8ffa82
2 0 0 139 259008c3
2 0 0 140 c59009b5
2 0 0 141 873ff97c
2 0 0 142 739fdb54
2 0 0 143 41900494
3 1 0 0 e805f510
3 1 0 1 3deef081
3 1 0 2 d6b6c817
3 1 0 3 8131ed31
3 1 0 4 1460fcd2
3 1 0 5 f9f3f417
3 1 0 6 e718bff2
3 1 0 7 cd4e946a
3 1 0 8 d329f50f
3 1 0 9 1501408f
3 1 0 10 23e8140f
3 1 0 11 8811ce1
3 1 0 12 f62bf704
3 1 0 13 f6b603f9
3 1 0 14 fc060803
3 1 0 15 305f0ef
3 1 0 16 bd2d0023
3 1 0 17 fc076f12
3 1 0 18 dc0ff208
3 1 0 19 cf0510ab
3 1 0 20 f12ce614
3 1 0 21 1f09c7f4
3 1 0 22 d0306f5
3 1 0 23 f7fa7f9a
3 1 0 24 1104f881
3 1 0 25 ddfa04df
3 1 0 26 e7471c7f
3 1 0 27 fdf0224
3 1 0 28 db9c0810
3 1 0 29 b087f0a
3 1 0 30 78708ee
3 1 0 31 aa29008d
3 1 0 32 28a8140b
3 1 0 33 ffdb2f81
3 1 0 34 4dbf62c
3 1 0 35 f214f928
3 1 0 36 fd7ffd0c
3 1 0 37 df18020f
3 1 0 38 602fff2
3 1 0 39 27fe10df
3 1 0 40 d81cc56
3 1 0 41 80701fb
3 1 0 42 b463e03b
3 1 0 43 d3c9308e
3 1 0 44 18f925f5
3 1 0 45 31fefd98
3 1 0 46 15f6fcd2
3 1 0 47 5f8d3bfe
3 1 0 48 cf2f717
3 1 0 49 e01b0ffe
3 1 0 50 ab19f5fa
3 1 0 51 e9dccdf4
3 1 0 52 319ce34a
3 1 0 53 6f8fee1
3 1 0 54 bee9e404
3 1 0 55 f39d3549
3 1 0 56 5ef044b7
3 1 0 57 43eb1cb0
3 1 0 58 2cdf3f4
3 1 0 59 cef9cd06
3 1 0 60 f3fd0cfa
3 1 0 61 fdfefcff
3 1 0 62 7fef3f8
3 1 0 63 dfe057f
3 1 0 64 55dff2ef
3 1 0 65 fc03f606
3 1 0 66 b3c225e0
3 1 0 67 7fa91ae3
3 1 0 68 57ff8c8
3 1 0 69 f9f057bc
3 1 0 70 8f201fd
3 1 0 71 19df09ca
3 1 0 72 142b0a08
3 1 0 73 f0a001d
3 1 0 74 e00ea903
3 1 0 75 1dfdd476
3 1 0 76 568120b0
3 1 0 77 1506f500
3 1 0 78 8050781
3 1 0 79 290c0e81
3 1 0 80 42d4508
3 1 0 81 434e8fd
3 1 0 82 dd7f1005
3 1 0 83 fef1ceed
3 1 0 84 b05fbf6
3 1 0 85 4fb11f8
3 1 0 86 ff07fffe
3 1 0 87 ef0117fc
3 1 0 88 3af4d1a9
3 1 0 89 f70105fd
3 1 0 90 e912b081
3 1 0 91 f9d81008
3 1 0 92 c6e2430
3 1 0 93 11020c50
3 1 0 94 6fc0b00
3 1 0 95 15bc372c
3 1 0 96 9ffe4e1
3 1 0 97 ed13c2e6
3 1 0 98 294e9426
3 1 0 99 ffe7152f
3 1 0 100 1fddc4d3
3 1 0 101 9f9ed
3 1 0 102 f3f7d3b4
3 1 0 103 9611feb6
3 1 0 104 7fd115e
3 1 0 105 f9ff525e
3 1 0 106 2b09f3ee
3 1 0 107 151216f5
3 1 0 108 14dffcfb
3 1 0 109 4810cf4
3 1 0 110 f3fd7ffb
3 1 0 111 18f602f1
3 1 0 112 c1e1f496
3 1 0 113 fb008100
3 1 0 114 2db28d4
3 1 0 115 f02ba33
3 1 0 116 1c09fdb5
3 1 0 117 2823ba9b
3 1 0 118 fc0609f6
3 1 0 119 efc37f7f
3 1 0 120 d20afcf5
3 1 0 121 211e300
3 1 0 122 2de93403
3 1 0 123 cfe8ef
3 1 0 124 6c201c50
3 1 0 125 1b130048
3 1 0 126 d50e2c13
3 1 0 127 5f01ce25
3 1 0 128 eef9810d
3 1 0 129 60c16ed
3 1 0 130 1d1008f5
3 1 0 131 e1f0efed
3 1 0 132 f02eb
3 1 0 133 f2e0c03
3 1 0 134 f80047f6
3 1 0 135 2080a
3 1 0 136 b41cc625
3 1 0 137 1fff307
3 1 0 138 effe40f
3 1 0 139 f7ff0401
3 1 0 140 d007f3fa
3 1 0 141 7ff01a13
3 1 0 142 e781f4f8
3 1 0 143 b9d2b9f3
3 0 0 0 1fa00dbd
3 0 0 1 37ffccd
3 0 0 2 8c02775
3 0 0 3 130ff29e
3 0 0 4 c7ffd5d
3 0 0 5 51000af0
3 0 0 6 ae00ea4
3 0 0 7 151015d0
3 0 0 8 2350109e
3 0 0 9 150106f
3 0 0 10 5ddffed9
3 0 0 11 2bd009f0
3 0 0 12 592ff6e0
3 0 0 13 16102209
3 0 0 14 87afb427
3 0 0 15 5c90019b
3 0 0 16 17f018b1
3 0 0 17 21000bf1
3 0 0 18 10200fc7
3 0 0 19 f101466
3 0 0 20 267015b8
3 0 0 21 1a802b6c
3 0 0 22 2e101d55
3 0 0 23 300019f
3 0 0 24 1fa00dbd
3 0 0 25 37ffccd
3 0 0 26 8c02775
3 0 0 27 130ff29e
3 0 0 28 c7ffd5d
3 0 0 29 51000af0
3 0 0 30 ae00ea4
3 0 0 31 151015d0
3 0 0 32 2350109e
3 0 0 33 150106f
3 0 0 34 5ddffed9
3 0 0 35 2bd009f0
3 0 0 36 592ff6e0
3 0 0 37 16102209
3 0 0 38 87afb427
3 0 0 39 5c90019b
3 0 0 40 17f018b1
3 0 0 41 21000bf1
3 0 0 42 10200fc7
3 0 0 43 f101466
3 0 0 44 267015b8
3 0 0 45 1a802b6c
3 0 0 46 2e101d55
3 0 0 47 300019f
3 0 0 48 1da00f31
3 0 0 49 19e00d9b
3 0 0 50 31025d1
3 0 0 51 1aaffb7e
3 0 0 52 56000f2
3 0 0 53 286ffdaa
3 0 0 54 5e00a3a
3 0 0 55 c301793
3 0 0 56 21e015cd
3 0 0 57 1530083e
3 0 0 58 3d100244
3 0 0 59 23c00a43
3 0 0 60 3630048d
3 0 0 61 2ad02558
3 0 0 62 aaefbb39
3 0 0 63 33effb80
3 0 0 64 4e00a30
3 0 0 65 319009b5
3 0 0 66 5f00df4
3 0 0 67 d60071e
3 0 0 68 2f0016d3
3 0 0 69 25f00ec9
3 0 0 70 1ec01f67
3 0 0 71 6900489
3 0 0 72 1da00f31
3 0 0 73 19e00d9b
3 0 0 74 31025d1
3 0 0 75 1aaffb7e
3 0 0 76 56000f2
3 0 0 77 286ffdaa
3 0 0 78 5e00a3a
3 0 0 79 c301793
3 0 0 80 21e015cd
3 0 0 81 1530083e
3 0 0 82 3d100244
3 0 0 83 23c00a43
3 0 0 84 3630048d
3 0 0 85 2ad02558
3 0 0 86 aaefbb39
3 0 0 87 33effb80
3 0 0 88 4e00a30
3 0 0 89 319009b5
3 0 0 90 5f00df4
3 0 0 91 d60071e
3 0 0 92 2f0016d3
3 0 0 93 25f00ec9
3 0 0 94 1ec01f67
3 0 0 95 6900489
3 0 0 96 15a00be5
3 0 0 97 26803736
3 0 0 98 77011d1
3 0 0 99 1a5ff2bb
3 0 0 100 affc26
3 0 0 101 2c000020
3 0 0 102 1a00ab2
3 0 0 103 d800b9f
3 0 0 104 12200a3c
3 0 0 105 6e017a2
3 0 0 106 2eb00a38
3 0 0 107 cc00eb2
3 0 0 108 2230085b
3 0 0 109 bb01d31
3 0 0 110 c6afb18d
3 0 0 111 35201aef
3 0 0 112 25008a0
3 0 0 113 20c0065e
3 0 0 114 58005fc
3 0 0 115 1c008a9
3 0 0 116 2d40179f
3 0 0 117 13001997
3 0 0 118 1eb02187
3 0 0 119 5bfff42
3 0 0 120 15a00be5
3 0 0 121 26803736
3 0 0 122 77011d1
3 0 0 123 1a5ff2bb
3 0 0 124 affc26
3 0 0 125 2c000020
3 0 0 126 1a00ab2
3 0 0 127 d800b9f
3 0 0 128 12200a3c
3 0 0 129 6e017a2
3 0 0 130 2eb00a38
3 0 0 131 cc00eb2
3 0 0 132 2230085b
3 0 0 133 bb01d31
3 0 0 134 c6afb18d
3 0 0 135 35201aef
3 0 0 136 25008a0
3 0 0 137 20c0065e
3 0 0 138 58005fc
3 0 0 139 1c008a9
3 0 0 140 2d40179f
3 0 0 141 13001997
3 0 0 142 1eb02187
3 0 0 143 5bfff42
4 1 0 0 f719170c
4 1 0 1 4810fa0b
4 1 0 2 6012f20e
4 1 0 3 d653160c
4 1 0 4 5f7fdd81
4 1 0 5 7fb8aef5
4 1 0 6 ed221b07
4 1 0 7 53ee8106
4 1 0 8 61f6db0b
4 1 0 9 5c1706af
4 1 0 10 76a0f4f6
4 1 0 11 24d52443
4 1 0 12 7f7f000c
4 1 0 13 57bb0481
4 1 0 14 40df7f6a
4 1 0 15 313f115a
4 1 0 16 5c4502c7
4 1 0 17 73508d4
4 1 0 18 4103fdd2
4 1 0 19 571a26c8
4 1 0 20 7f07f0b3
4 1 0 21 2861edde
4 1 0 22 307f8157
4 1 0 23 490b19cd
4 1 0 24 1cf312bc
4 1 0 25 44fc0e81
4 1 0 26 6508e4a9
4 1 0 27 503a546
4 1 0 28 220ad877
4 1 0 29 e9fc2135
4 1 0 30 1e188141
4 1 0 31 d37f577f
4 1 0 32 973e231c
4 1 0 33 ecf7eb16
4 1 0 34 81d4e23b
4 1 0 35 6305c738
4 1 0 36 ff4eedd2
4 1 0 37 f427fbd
4 1 0 38 61503e6
4 1 0 39 370f7c8
4 1 0 40 7f132581
4 1 0 41 e9fbe8
4 1 0 42 f910fc02
4 1 0 43 318112b8
4 1 0 44 4bdfaeb
4 1 0 45 13f7e547
4 1 0 46 36f8ef7f
4 1 0 47 22e3f016
4 1 0 48 f42518f4
4 1 0 49 ae81d86c
4 1 0 50 81c23b35
4 1 0 51 db0f0df8
4 1 0 52 e3f87fd9
4 1 0 53 22e01624
4 0 0 0 1446014db
4 0 0 1 272f02b78
4 0 0 2 ca0fb5c0
4 0 0 3 2934fe9ab
4 0 0 4 12ba004c4
4 0 0 5 f30febab
4 0 0 6 20bcff85e
4 0 0 7 58ffc052
4 0 0 8 357014b6
4 0 0 9 13b403471
4 0 0 10 a88fe14a
4 0 0 11 1b90025f
4 0 0 12 78cfddd9
4 0 0 13 e61065d9
4 0 0 14 68600539
4 0 0 15 4990124c
4 0 0 16 6bf02e90
4 0 0 17 1f230078f
4 0 0 18 11e6ff0d5
4 0 0 19 110e006a4
4 0 0 20 632ffcaf
4 0 0 21 a61ffb03
4 0 0 22 174b05f4c
4 0 0 23 d8102bf4
4 0 0 24 1446014db
4 0 0 25 272f02b78
4 0 0 26 ca0fb5c0
4 0 0 27 2934fe9ab
4 0 0 28 12ba004c4
4 0 0 29 f30febab
4 0 0 30 20bcff85e
4 0 0 31 58ffc052
4 0 0 32 357014b6
4 0 0 33 13b403471
4 0 0 34 a88fe14a
4 0 0 35 1b90025f
4 0 0 36 78cfddd9
4 0 0 37 e61065d9
4 0 0 38 68600539
4 0 0 39 4990124c
4 0 0 40 6bf02e90
4 0 0 41 1f230078f
4 0 0 42 11e6ff0d5
4 0 0 43 110e006a4
4 0 0 44 632ffcaf
4 0 0 45 a61ffb03
4 0 0 46 174b05f4c
4 0 0 47 d8102bf4
4 0 0 48 dce0120d
4 0 0 49 107a04344
4 0 0 50 feffb00b
4 0 0 51 1f34fe3e3
4 0 0 52 488a01089
4 0 0 53 8f0ff1bc
4 0 0 54 3fcffe98d
4 0 0 55 524fbd29
4 0 0 56 29c00baa
4 0 0 57 bf00149b
4 0 0 58 65effba3
4 0 0 59 b48ff85c
4 0 0 60 411fe83c
4 0 0 61 71e04063
4 0 0 62 a1efff2f
4 0 0 63 93e015df
4 0 0 64 14a502a17
4 0 0 65 1fcc004aa
4 0 0 66 78600063
4 0 0 67 2355002f0
4 0 0 68 4bdfe574
4 0 0 69 af500907
4 0 0 70 f3205400
4 0 0 71 fd601e35
4 0 0 72 dce0120d
4 0 0 73 107a04344
4 0 0 74 feffb00b
4 0 0 75 1f34fe3e3
4 0 0 76 488a01089
4 0 0 77 8f0ff1bc
4 0 0 78 3fcffe98d
4 0 0 79 524fbd29
4 0 0 80 29c00baa
4 0 0 81 bf00149b
4 0 0 82 65effba3
4 0 0 83 b48ff85c
4 0 0 84 411fe83c
4 0 0 85 71e04063
4 0 0 86 a1efff2f
4 0 0 87 93e015df
4 0 0 88 14a502a17
4 0 0 89 1fcc004aa
4 0 0 90 78600063
4 0 0 91 2355002f0
4 0 0 92 4bdfe574
4 0 0 93 af500907
4 0 0 94 f3205400
4 0 0 95 fd601e35
4 0 0 96 c8701905
4 0 0 97 a1b02f02
4 0 0 98 f5efca11
4 0 0 99 1a7afde0d
4 0 0 100 1d0b0054e
4 0 0 101 8f8fee8e
4 0 0 102 82fafc618
4 0 0 103 73ffcd3a
4 0 0 104 6c20219e
4 0 0 105 131702c3c
4 0 0 106 62afebf2
4 0 0 107 aeefd6f6
4 0 0 108 6fbfd999
4 0 0 109 a6b03db4
4 0 0 110 3afffe25
4 0 0 111 86202803
4 0 0 112 10eb03980
4 0 0 113 3c4d009d3
4 0 0 114 24b9feb7b
4 0 0 115 2070fe99b
4 0 0 116 538fed14
4 0 0 117 126bfe3d2
4 0 0 118 1fcf09765
4 0 0 119 9be021d1
4 0 0 120 c8701905
4 0 0 121 a1b02f02
4 0 0 122 f5efca11
4 0 0 123 1a7afde0d
4 0 0 124 1d0b0054e
4 0 0 125 8f8fee8e
4 0 0 126 82fafc618
4 0 0 127 73ffcd3a
4 0 0 128 6c20219e
4 0 0 129 131702c3c
4 0 0 130 62afebf2
4 0 0 131 aeefd6f6
4 0 0 132 6fbfd999
4 0 0 133 a6b03db4
4 0 0 134 3afffe25
4 0 0 135 86202803
4 0 0 136 10eb03980
4 0 0 137 3c4d009d3
4 0 0 138 24b9feb7b
4 0 0 139 2070fe99b
4 0 0 140 538fed14
4 0 0 141 126bfe3d2
4 0 0 142 1fcf09765
4 0 0 143 9be021d1
5 1 0 0 cfafa9b
5 1 0 1 e20f09fb
5 1 0 2 f3f4fd15
5 1 0 3 2bb54903
5 1 0 4 d901d367
5 1 0 5 fbf1c2
5 1 0 6 8115f5d1
5 1 0 7 52490681
5 1 0 8 e723c852
5 1 0 9 c9f037e4
5 1 0 10 6e67fd7
5 1 0 11 7ffb1af5
5 1 0 12 953fd11
5 1 0 13 9e4826f7
5 1 0 14 e9d72efc
5 1 0 15 cc2d114f
5 1 0 16 2238d84a
5 1 0 17 11ba440c
5 1 0 18 307012fb
5 1 0 19 906f425
5 1 0 20 ed7fe3e3
5 1 0 21 fb041ce0
5 1 0 22 70cff12
5 1 0 23 ee2adbee
5 1 0 24 f6f9ed07
5 1 0 25 cdfaf9
5 1 0 26 171b030a
5 1 0 27 23e7c0d1
5 1 0 28 15fc81f7
5 1 0 29 348812b
5 1 0 30 2410e0cb
5 1 0 31 d0f20ce6
5 1 0 32 e009c51b
5 1 0 33 b7d407e0
5 1 0 34 e0fa31fa
5 1 0 35 fd070407
5 1 0 36 1400309
5 1 0 37 8112d801
5 1 0 38 f6ebf5ef
5 1 0 39 490e0d07
5 1 0 40 2e9ee0d6
5 1 0 41 aed7e5a2
5 1 0 42 9c53e7f6
5 1 0 43 fcb12fc2
5 1 0 44 1def40d7
5 1 0 45 fd11fe05
5 1 0 46 1edcf6ff
5 1 0 47 30e8eae2
5 1 0 48 13d91703
5 1 0 49 7f4dcfc
5 1 0 50 c4ef2212
5 1 0 51 eefaf42d
5 1 0 52 2c15180c
5 1 0 53 ea13ea1e
5 1 0 54 3afa085e
5 1 0 55 fdacf3f7
5 1 0 56 1de50081
5 1 0 57 e1c482dc
5 1 0 58 f6e31ad5
5 1 0 59 f605fd01
5 1 0 60 55d329f1
5 1 0 61 1b22eff3
5 1 0 62 fa9d0a03
5 1 0 63 ecdde0e9
5 1 0 64 3835edd
5 1 0 65 3b3e481
5 1 0 66 700a150b
5 1 0 67 53811f57
5 1 0 68 e34c047a
5 1 0 69 ddc3af0e
5 1 0 70 3f9fa07
5 1 0 71 7f035535
5 1 0 72 21110
5 1 0 73 fbbf0bf5
5 1 0 74 12fb2820
5 1 0 75 13c4ed1f
5 1 0 76 2f10f4fc
5 1 0 77 104e03f6
5 1 0 78 5111209
5 1 0 79 b02b08d0
5 1 0 80 6f31643
5 1 0 81 81d5e6fb
5 1 0 82 b1bd8e2
5 1 0 83 c101601
5 1 0 84 edf328ac
5 1 0 85 ea0b72ff
5 1 0 86 fd3b01f0
5 1 0 87 18f9fffe
5 1 0 88 2c15063c
5 1 0 89 44f203cf
5 1 0 90 fdecf681
5 1 0 91 36db09f8
5 1 0 92 63950e44
5 1 0 93 d75ee1c5
5 1 0 94 fcf381f9
5 1 0 95 21e6283e
5 1 0 96 17f7e711
5 1 0 97 e2127ffc
5 1 0 98 e50dcd81
5 1 0 99 31d4e1ff
5 1 0 100 d91e073a
5 1 0 101 71fc012a
5 1 0 102 d613f8bd
5 1 0 103 ca5c1727
5 1 0 104 332b0bc9
5 1 0 105 e71e00cb
5 1 0 106 e6231ac9
5 1 0 107 eff801ec
5 1 0 108 fe18d77f
5 1 0 109 4ae91d66
5 1 0 110 c8f58138
5 1 0 111 d0f7fd4a
5 1 0 112 a9d2c87f
5 1 0 113 eccc0c05
5 1 0 114 42e9ee7a
5 1 0 115 ab04befd
5 1 0 116 b1f61329
5 1 0 117 1857ed31
5 1 0 118 1dbfc12
5 1 0 119 f2e5f474
5 1 0 120 81e10dfa
5 1 0 121 1af714f2
5 1 0 122 80d1414
5 1 0 123 7f10a205
5 1 0 124 54ef364d
5 1 0 125 9645e54f
5 1 0 126 30a804cd
5 1 0 127 36fabceb
5 1 0 128 8de5f3eb
5 1 0 129 cee0eae8
5 1 0 130 a3d60530
5 1 0 131 bf80709
5 1 0 132 2e0a0d02
5 1 0 133 ca0603c3
5 1 0 134 ad31222
5 1 0 135 7f050908
5 1 0 136 f2121924
5 1 0 137 b6abf5ed
5 1 0 138 f6131cf9
5 1 0 139 5dfc2741
5 1 0 140 31d63352
5 1 0 141 7ff5b8e4
5 1 0 142 9e305f0
5 1 0 143 76093918
5 0 0 0 20e017b2
5 0 0 1 3d801126
5 0 0 2 7f020b4
5 0 0 3 c5ff9cd
5 0 0 4 1e8fe371
5 0 0 5 cbfff96
5 0 0 6 75ffb6f
5 0 0 7 16400f3c
5 0 0 8 20301861
5 0 0 9 22903f0d
5 0 0 10 105009ff
5 0 0 11 414fff27
5 0 0 12 5d0039b
5 0 0 13 a2fff03
5 0 0 14 191ffe1b
5 0 0 15 12500556
5 0 0 16 107008da
5 0 0 17 26802388
5 0 0 18 1efff5a1
5 0 0 19 189ff671
5 0 0 20 e700ce4
5 0 0 21 16a010a8
5 0 0 22 17e02072
5 0 0 23 24bfd516
5 0 0 24 20e017b2
5 0 0 25 3d801126
5 0 0 26 7f020b4
5 0 0 27 c5ff9cd
5 0 0 28 1e8fe371
5 0 0 29 cbfff96
5 0 0 30 75ffb6f
5 0 0 31 16400f3c
5 0 0 32 20301861
5 0 0 33 22903f0d
5 0 0 34 105009ff
5 0 0 35 414fff27
5 0 0 36 5d0039b
5 0 0 37 a2fff03
5 0 0 38 191ffe1b
5 0 0 39 12500556
5 0 0 40 107008da
5 0 0 41 26802388
5 0 0 42 1efff5a1
5 0 0 43 189ff671
5 0 0 44 e700ce4
5 0 0 45 16a010a8
5 0 0 46 17e02072
5 0 0 47 24bfd516
5 0 0 48 16e00919
5 0 0 49 24affbee
5 0 0 50 4a0169f
5 0 0 51 b5ff4d2
5 0 0 52 115ff500
5 0 0 53 a800cd5
5 0 0 54 acffbf7
5 0 0 55 b300d7e
5 0 0 56 15901379
5 0 0 57 17a00f39
5 0 0 58 2270196a
5 0 0 59 458000a5
5 0 0 60 6b005c2
5 0 0 61 770006e
5 0 0 62 1ca000ab
5 0 0 63 11100834
5 0 0 64 2f0019d
5 0 0 65 5300d65
5 0 0 66 141ffa58
5 0 0 67 122fff2f
5 0 0 68 11300413
5 0 0 69 165ffc5f
5 0 0 70 e100d58
5 0 0 71 beffb7e
5 0 0 72 16e00919
5 0 0 73 24affbee
5 0 0 74 4a0169f
5 0 0 75 b5ff4d2
5 0 0 76 115ff500
5 0 0 77 a800cd5
5 0 0 78 acffbf7
5 0 0 79 b300d7e
5 0 0 80 15901379
5 0 0 81 17a00f39
5 0 0 82 2270196a
5 0 0 83 458000a5
5 0 0 84 6b005c2
5 0 0 85 770006e
5 0 0 86 1ca000ab
5 0 0 87 11100834
5 0 0 88 2f0019d
5 0 0 89 5300d65
5 0 0 90 141ffa58
5 0 0 91 122fff2f
5 0 0 92 11300413
5 0 0 93 165ffc5f
5 0 0 94 e100d58
5 0 0 95 beffb7e
5 0 0 96 a900453
5 0 0 97 37fffb1c
5 0 0 98 13101d1b
5 0 0 99 5f00040
5 0 0 100 e2ff4e9
5 0 0 101 1560160b
5 0 0 102 86ffaf4
5 0 0 103 c2011c1
5 0 0 104 10f00a28
5 0 0 105 10101b69
5 0 0 106 21001ce2
5 0 0 107 3d2ffeba
5 0 0 108 ab00413
5 0 0 109 290054f
5 0 0 110 25200dc7
5 0 0 111 2f9ff124
5 0 0 112 ad00e7e
5 0 0 113 10f00e50
5 0 0 114 b6ffd6a
5 0 0 115 25200483
5 0 0 116 135ffbdf
5 0 0 117 17efffc5
5 0 0 118 b600d31
5 0 0 119 1d9fe962
5 0 0 120 a900453
5 0 0 121 37fffb1c
5 0 0 122 13101d1b
5 0 0 123 5f00040
5 0 0 124 e2ff4e9
5 0 0 125 1560160b
5 0 0 126 86ffaf4
5 0 0 127 c2011c1
5 0 0 128 10f00a28
5 0 0 129 10101b69
5 0 0 130 21001ce2
5 0 0 131 3d2ffeba
5 0 0 132 ab00413
5 0 0 133 290054f
5 0 0 134 25200dc7
5 0 0 135 2f9ff124
5 0 0 136 ad00e7e
5 0 0 137 10f00e50
5 0 0 138 b6ffd6a
5 0 0 139 25200483
5 0 0 140 135ffbdf
5 0 0 141 17efffc5
5 0 0 142 b600d31
5 0 0 143 1d9fe962
6 1 0 0 befe04ee
6 1 0 1 8eea07f1
6 1 0 2 a8f3fa0b
6 1 0 3 e6d90472
6 1 0 4 817f7f7f
6 1 0 5 b101f326
6 1 0 6 c5efffda
6 1 0 7 bafeede1
6 1 0 8 f7fa03fd
6 1 0 9 3b110bdb
6 1 0 10 1eee0c2d
6 1 0 11 f8ecf70a
6 1 0 12 7f351b81
6 1 0 13 11d3812b
6 1 0 14 10ccf010
6 1 0 15 227ff2cd
6 1 0 16 b19110a
6 1 0 17 f6bb19f0
6 1 0 18 bbe70808
6 1 0 19 5c7f51f8
6 1 0 20 a67d2205
6 1 0 21 c85645ff
6 1 0 22 7f3c7f7f
6 1 0 23 be532602
6 1 0 24 b8431c07
6 1 0 25 751c1b05
6 1 0 26 ae0d0a03
6 1 0 27 f9ed2afa
6 1 0 28 34181ff
6 1 0 29 1f78af9
6 1 0 30 ff0e2902
6 1 0 31 7f7f2f7f
6 1 0 32 c1083e4
6 1 0 33 f0c2804
6 1 0 34 fae749e2
6 1 0 35 fa0812f8
6 1 0 36 1135a608
6 1 0 37 22fcbb03
6 1 0 38 1c7fd5f3
6 1 0 39 2507e481
6 1 0 40 7fbc0c6d
6 1 0 41 6f22150e
6 1 0 42 24e9f75
6 1 0 43 7d8a692
6 1 0 44 ef3c81fa
6 1 0 45 b33e0d23
6 1 0 46 ea3a7f02
6 1 0 47 dfcf3eff
6 1 0 48 387f4716
6 1 0 49 7f780a81
6 1 0 50 9140fff
6 1 0 51 fb6205f5
6 1 0 52 c761071b
6 1 0 53 dc210226
6 0 0 0 d9d00097
6 0 0 1 1518ff870
6 0 0 2 291dfecd8
6 0 0 3 1c8500ace
6 0 0 4 1d7b00ae7
6 0 0 5 1bbb011b9
6 0 0 6 5925002f5
6 0 0 7 193efc767
6 0 0 8 c4000582
6 0 0 9 4f2ff088
6 0 0 10 5afff530
6 0 0 11 651ff165
6 0 0 12 2ab2ff5da
6 0 0 13 114901447
6 0 0 14 e1b0091c
6 0 0 15 1283ff0b7
6 0 0 16 1e5400265
6 0 0 17 5f701224
6 0 0 18 ea9ff3f5
6 0 0 19 11070001c
6 0 0 20 1721019d9
6 0 0 21 c18ff345
6 0 0 22 5dafdf98
6 0 0 23 164801089
6 0 0 24 d9d00097
6 0 0 25 1518ff870
6 0 0 26 291dfecd8
6 0 0 27 1c8500ace
6 0 0 28 1d7b00ae7
6 0 0 29 1bbb011b9
6 0 0 30 5925002f5
6 0 0 31 193efc767
6 0 0 32 c4000582
6 0 0 33 4f2ff088
6 0 0 34 5afff530
6 0 0 35 651ff165
6 0 0 36 2ab2ff5da
6 0 0 37 114901447
6 0 0 38 e1b0091c
6 0 0 39 1283ff0b7
6 0 0 40 1e5400265
6 0 0 41 5f701224
6 0 0 42 ea9ff3f5
6 0 0 43 11070001c
6 0 0 44 1721019d9
6 0 0 45 c18ff345
6 0 0 46 5dafdf98
6 0 0 47 164801089
6 0 0 48 c7b004f0
6 0 0 49 17d3ffff5
6 0 0 50 4b06fe233
6 0 0 51 103200a13
6 0 0 52 280600bb5
6 0 0 53 a5c00cc8
6 0 0 54 783c002ff
6 0 0 55 2a5ff97a
6 0 0 56 ea8ffdff
6 0 0 57 1122ff433
6 0 0 58 1e7002d3
6 0 0 59 689ff6e0
6 0 0 60 2c75ff40f
6 0 0 61 bae01ab0
6 0 0 62 b4a0022b
6 0 0 63 1e65fe626
6 0 0 64 acc300232
6 0 0 65 30000750
6 0 0 66 b18fe94b
6 0 0 67 b87003b8
6 0 0 68 be80068c
6 0 0 69 4dd0040b
6 0 0 70 976fd11e
6 0 0 71 24e100970
6 0 0 72 c7b004f0
6 0 0 73 17d3ffff5
6 0 0 74 4b06fe233
6 0 0 75 103200a13
6 0 0 76 280600bb5
6 0 0 77 a5c00cc8
6 0 0 78 783c002ff
6 0 0 79 2a5ff97a
6 0 0 80 ea8ffdff
6 0 0 81 1122ff433
6 0 0 82 1e7002d3
6 0 0 83 689ff6e0
6 0 0 84 2c75ff40f
6 0 0 85 bae01ab0
6 0 0 86 b4a0022b
6 0 0 87 1e65fe626
6 0 0 88 acc300232
6 0 0 89 30000750
6 0 0 90 b18fe94b
6 0 0 91 b87003b8
6 0 0 92 be80068c
6 0 0 93 4dd0040b
6 0 0 94 976fd11e
6 0 0 95 24e100970
6 0 0 96 c02ffec0
6 0 0 97 de7ffa87
6 0 0 98 1d73ff821
6 0 0 99 907011ff
6 0 0 100 1ef20051c
6 0 0 101 7d701005
6 0 0 102 69ab00223
6 0 0 103 9f2fea85
6 0 0 104 12d600207
6 0 0 105 ea3fca28
6 0 0 106 34dffc66
6 0 0 107 e49ff4f1
6 0 0 108 2e2dfe941
6 0 0 109 43b008d0
6 0 0 110 753006d5
6 0 0 111 118cfe492
6 0 0 112 5c04003fc
6 0 0 113 75401184
6 0 0 114 b6afe89d
6 0 0 115 86dffd04
6 0 0 116 7a300355
6 0 0 117 1277fe3d1
6 0 0 118 975fce87
6 0 0 119 164d00a20
6 0 0 120 c02ffec0
6 0 0 121 de7ffa87
6 0 0 122 1d73ff821
6 0 0 123 907011ff
6 0 0 124 1ef20051c
6 0 0 125 7d701005
6 0 0 126 69ab00223
6 0 0 127 9f2fea85
6 0 0 128 12d600207
6 0 0 129 ea3fca28
6 0 0 130 34dffc66
6 0 0 131 e49ff4f1
6 0 0 132 2e2dfe941
6 0 0 133 43b008d0
6 0 0 134 753006d5
6 0 0 135 118cfe492
6 0 0 136 5c04003fc
6 0 0 137 75401184
6 0 0 138 b6afe89d
6 0 0 139 86dffd04
6 0 0 140 7a300355
6 0 0 141 1277fe3d1
6 0 0 142 975fce87
6 0 0 143 164d00a20
7 1 0 0 1a1b067f
7 1 0 1 2ff803f6
7 1 0 2 7fc80907
7 1 0 3 7ff3fa01
7 1 0 4 dd03edff
7 1 0 5 8d502ca
7 1 0 6 fe000403
7 1 0 7 dbe17f59
7 1 0 8 90738dc
7 1 0 9 d809334d
7 1 0 10 1dfadbe8
7 1 0 11 aef3350f
7 1 0 12 6c50150a
7 1 0 13 105208f5
7 1 0 14 9f7fd09
7 1 0 15 817ef334
7 1 0 16 7fe129eb
7 1 0 17 37098124
7 1 0 18 2a48f101
7 1 0 19 c632e6fa
7 1 0 20 e920e41c
7 1 0 21 e5351ab6
7 1 0 22 21fdfb19
7 1 0 23 ad25cc33
7 1 0 24 32c33be
7 1 0 25 ec0af90d
7 1 0 26 a3e26d0
7 1 0 27 fffafff6
7 1 0 28 e92d0dec
7 1 0 29 effa8131
7 1 0 30 fefef007
7 1 0 31 f64ea0ff
7 1 0 32 140e37f8
7 1 0 33 b0139159
7 1 0 34 13031205
7 1 0 35 32f31a0e
7 1 0 36 31f9f8df
7 1 0 37 14ec00f2
7 1 0 38 3050c02
7 1 0 39 efd83663
7 1 0 40 8f132f1
7 1 0 41 25241bbf
7 1 0 42 f0319ff
7 1 0 43 fc07670a
7 1 0 44 f41d18f4
7 1 0 45 1a0c6e27
7 1 0 46 d7d4fd13
7 1 0 47 df2b10c
7 1 0 48 1c1cc8eb
7 1 0 49 4e1581d3
7 1 0 50 25c50816
7 1 0 51 35fbf7ff
7 1 0 52 81d3f933
7 1 0 53 1d10d1f
7 1 0 54 fc0208fd
7 1 0 55 b1ceece7
7 1 0 56 1d32cf10
7 1 0 57 eddae581
7 1 0 58 a52041c
7 1 0 59 84c1f702
7 1 0 60 7f1a0f16
7 1 0 61 7feef304
7 1 0 62 fe0bf6fa
7 1 0 63 d4d924bf
7 1 0 64 1f52049
7 1 0 65 510d81e
7 1 0 66 47f821ff
7 1 0 67 471b177f
7 1 0 68 cf30717
7 1 0 69 34bc4b04
7 1 0 70 81191010
7 1 0 71 d41f0581
7 1 0 72 f6fecbef
7 1 0 73 ed7415f1
7 1 0 74 181c2712
7 1 0 75 7fb02f9
7 1 0 76 19e2e711
7 1 0 77 1ae9e9d1
7 1 0 78 4050af7
7 1 0 79 314d033a
7 1 0 80 3e050a0e
7 1 0 81 1f170b0a
7 1 0 82 1200f111
7 1 0 83 e1b450e
7 1 0 84 f60e0323
7 1 0 85 31affef
7 1 0 86 fc8106ff
7 1 0 87 4ef8062e
7 1 0 88 2beb14ef
7 1 0 89 9a00833
7 1 0 90 f1fdd5d1
7 1 0 91 c122fcd8
7 1 0 92 80f0416
7 1 0 93 7ff8f21a
7 1 0 94 cddedebe
7 1 0 95 fad6f90b
7 1 0 96 b80ce5fb
7 1 0 97 dbe90113
7 1 0 98 cf216f7
7 1 0 99 fafdf6eb
7 1 0 100 1b14080e
7 1 0 101 b112dfe
7 1 0 102 f8fdf781
7 1 0 103 2715c0e2
7 1 0 104 81e328ed
7 1 0 105 da37de15
7 1 0 106 81e5c205
7 1 0 107 5db65ed
7 1 0 108 2751b8d5
7 1 0 109 d1702ee
7 1 0 110 fb03fb00
7 1 0 111 e858db0d
7 1 0 112 e334bef2
7 1 0 113 6afefff3
7 1 0 114 ea7fdbee
7 1 0 115 bb11fafe
7 1 0 116 a91405f1
7 1 0 117 b83c0707
7 1 0 118 ee3ff8fb
7 1 0 119 fb297000
7 1 0 120 1ff80ce4
7 1 0 121 1b13b0e7
7 1 0 122 f0cbf3a0
7 1 0 123 7070307
7 1 0 124 bb040734
7 1 0 125 2604fbc3
7 1 0 126 fe0200fa
7 1 0 127 b72eaaf9
7 1 0 128 19e945d3
7 1 0 129 a804123f
7 1 0 130 2ae2fd07
7 1 0 131 c281041f
7 1 0 132 a12ed906
7 1 0 133 d263dee5
7 1 0 134 d02fe00
7 1 0 135 a1a0254
7 1 0 136 12142aee
7 1 0 137 e9e6e3f4
7 1 0 138 b64de305
7 1 0 139 3279b09
7 1 0 140 ea080d81
7 1 0 141 f1e8f345
7 1 0 142 9024360
7 1 0 143 3fd10b04
7 0 0 0 196ffa54
7 0 0 1 34d015e6
7 0 0 2 cf00a44
7 0 0 3 12b7fca3f
7 0 0 4 476002c7
7 0 0 5 411016ee
7 0 0 6 1033013e1
7 0 0 7 27201576
7 0 0 8 2a7ff586
7 0 0 9 44101988
7 0 0 10 35f00840
7 0 0 11 45d00a9c
7 0 0 12 1e3006b0
7 0 0 13 19b00345
7 0 0 14 4fc00cdd
7 0 0 15 27900137
7 0 0 16 504ff447
7 0 0 17 a9a00d86
7 0 0 18 4f7014c2
7 0 0 19 8f5ff805
7 0 0 20 37c00f72
7 0 0 21 43efe8c0
7 0 0 22 16b00343
7 0 0 23 2a101386
7 0 0 24 196ffa54
7 0 0 25 34d015e6
7 0 0 26 cf00a44
7 0 0 27 12b7fca3f
7 0 0 28 476002c7
7 0 0 29 411016ee
7 0 0 30 1033013e1
7 0 0 31 27201576
7 0 0 32 2a7ff586
7 0 0 33 44101988
7 0 0 34 35f00840
7 0 0 35 45d00a9c
7 0 0 36 1e3006b0
7 0 0 37 19b00345
7 0 0 38 4fc00cdd
7 0 0 39 27900137
7 0 0 40 504ff447
7 0 0 41 a9a00d86
7 0 0 42 4f7014c2
7 0 0 43 8f5ff805
7 0 0 44 37c00f72
7 0 0 45 43efe8c0
7 0 0 46 16b00343
7 0 0 47 2a101386
7 0 0 48 345ffa8a
7 0 0 49 16200713
7 0 0 50 1c008ce
7 0 0 51 e0cfd7be
7 0 0 52 42800ad5
7 0 0 53 45001a0f
7 0 0 54 a2a00470
7 0 0 55 15a00148
7 0 0 56 690ff947
7 0 0 57 5c101ea1
7 0 0 58 3f400f50
7 0 0 59 37e01d3f
7 0 0 60 8200763
7 0 0 61 178fff9f
7 0 0 62 5d700ae1
7 0 0 63 1b1018fa
7 0 0 64 21f0124e
7 0 0 65 62200b17
7 0 0 66 5950107f
7 0 0 67 64f001e8
7 0 0 68 64a00b85
7 0 0 69 50c00796
7 0 0 70 4300b1c
7 0 0 71 3f9022fc
7 0 0 72 345ffa8a
7 0 0 73 16200713
7 0 0 74 1c008ce
7 0 0 75 e0cfd7be
7 0 0 76 42800ad5
7 0 0 77 45001a0f
7 0 0 78 a2a00470
7 0 0 79 15a00148
7 0 0 80 690ff947
7 0 0 81 5c101ea1
7 0 0 82 3f400f50
7 0 0 83 37e01d3f
7 0 0 84 8200763
7 0 0 85 178fff9f
7 0 0 86 5d700ae1
7 0 0 87 1b1018fa
7 0 0 88 21f0124e
7 0 0 89 62200b17
7 0 0 90 5950107f
7 0 0 91 64f001e8
7 0 0 92 64a00b85
7 0 0 93 50c00796
7 0 0 94 4300b1c
7 0 0 95 3f9022fc
7 0 0 96 14fffda2
7 0 0 97 1170024d
7 0 0 98 7a00a39
7 0 0 99 3e4fe20c
7 0 0 100 4210092d
7 0 0 101 247008f7
7 0 0 102 a96006f4
7 0 0 103 1d300b43
7 0 0 104 48fff1d3
7 0 0 105 5c703a7b
7 0 0 106 59a010e9
7 0 0 107 36a016c8
7 0 0 108 f80033e
7 0 0 109 1ab00259
7 0 0 110 6fd0156a
7 0 0 111 30601a21
7 0 0 112 37b009e6
7 0 0 113 41e01703
7 0 0 114 494012a6
7 0 0 115 35500311
7 0 0 116 4ee012d7
7 0 0 117 4ed01b56
7 0 0 118 a900423
7 0 0 119 37a02020
7 0 0 120 14fffda2
7 0 0 121 1170024d
7 0 0 122 7a00a39
7 0 0 123 3e4fe20c
7 0 0 124 4210092d
7 0 0 125 247008f7
7 0 0 126 a96006f4
7 0 0 127 1d300b43
7 0 0 128 48fff1d3
7 0 0 129 5c703a7b
7 0 0 130 59a010e9
7 0 0 131 36a016c8
7 0 0 132 f80033e
7 0 0 133 1ab00259
7 0 0 134 6fd0156a
7 0 0 135 30601a21
7 0 0 136 37b009e6
7 0 0 137 41e01703
7 0 0 138 494012a6
7 0 0 139 35500311
7 0 0 140 4ee012d7
7 0 0 141 4ed01b56
7 0 0 142 a900423
7 0 0 143 37a02020
8 1 0 0 eff703f6
8 1 0 1 2d1617fd
8 1 0 2 f2ea07ec
8 1 0 3 f1e3f8a0
8 1 0 4 7f7f4164
8 1 0 5 ef1cfd7f
8 1 0 6 f2170001
8 1 0 7 17db7fed
8 1 0 8 e7e1f8f5
8 1 0 9 2f3f981
8 1 0 10 12ba42cd
8 1 0 11 93d02da
8 1 0 12 fa267fab
8 1 0 13 817f3745
8 1 0 14 efa02dd9
8 1 0 15 6f01e90
8 1 0 16 6fb19f9
8 1 0 17 e16efc0
8 1 0 18 8412c126
8 1 0 19 becc0542
8 1 0 20 8ef00334
8 1 0 21 df7f151c
8 1 0 22 7fdaa745
8 1 0 23 cbe2825b
8 1 0 24 b402f9f6
8 1 0 25 dd0f9b55
8 1 0 26 c90d817f
8 1 0 27 f9fe260b
8 1 0 28 e6e40805
8 1 0 29 1302dc07
8 1 0 30 ea01200b
8 1 0 31 fd514681
8 1 0 32 3707810e
8 1 0 33 608040a
8 1 0 34 7f810518
8 1 0 35 c9f6e808
8 1 0 36 2d1a12a0
8 1 0 37 65140d81
8 1 0 38 7f2e0084
8 1 0 39 6e017
8 1 0 40 64818157
8 1 0 41 abfff007
8 1 0 42 c625e88c
8 1 0 43 5616dde7
8 1 0 44 34210fb2
8 1 0 45 d73df8e3
8 1 0 46 5150fa14
8 1 0 47 5ce8fddb
8 1 0 48 ca50ff88
8 1 0 49 af577f69
8 1 0 50 7ff8f718
8 1 0 51 a0d1fd29
8 1 0 52 de810681
8 1 0 53 70caf5ee
8 0 0 0 1090001fd
8 0 0 1 bccff671
8 0 0 2 138afe669
8 0 0 3 2cc8ff91d
8 0 0 4 86501856
8 0 0 5 639ffe47
8 0 0 6 d9b00206
8 0 0 7 7db01193
8 0 0 8 21e000fc
8 0 0 9 1a6008c5
8 0 0 10 e0affc77
8 0 0 11 31300e31
8 0 0 12 1c7800e72
8 0 0 13 124a0098f
8 0 0 14 22a8001ff
8 0 0 15 c1eff79a
8 0 0 16 18f00876
8 0 0 17 77e00b85
8 0 0 18 c860070c
8 0 0 19 62bff9ce
8 0 0 20 4740094e
8 0 0 21 b8f00177
8 0 0 22 6cb0064f
8 0 0 23 23afffce
8 0 0 24 1090001fd
8 0 0 25 bccff671
8 0 0 26 138afe669
8 0 0 27 2cc8ff91d
8 0 0 28 86501856
8 0 0 29 639ffe47
8 0 0 30 d9b00206
8 0 0 31 7db01193
8 0 0 32 21e000fc
8 0 0 33 1a6008c5
8 0 0 34 e0affc77
8 0 0 35 31300e31
8 0 0 36 1c7800e72
8 0 0 37 124a0098f
8 0 0 38 22a8001ff
8 0 0 39 c1eff79a
8 0 0 40 18f00876
8 0 0 41 77e00b85
8 0 0 42 c860070c
8 0 0 43 62bff9ce
8 0 0 44 4740094e
8 0 0 45 b8f00177
8 0 0 46 6cb0064f
8 0 0 47 23afffce
8 0 0 48 7d0000a8
8 0 0 49 89affd22
8 0 0 50 2274fe234
8 0 0 51 29c3ffe84
8 0 0 52 47000d67
8 0 0 53 2d8fff80
8 0 0 54 f49002fc
8 0 0 55 ecf01a76
8 0 0 56 27100090
8 0 0 57 4ae0160e
8 0 0 58 6900014a
8 0 0 59 4d001b64
8 0 0 60 187b01037
8 0 0 61 147a0085e
8 0 0 62 153800438
8 0 0 63 5d1ffb0a
8 0 0 64 7d101e38
8 0 0 65 6b301420
8 0 0 66 6ce00d62
8 0 0 67 7ffff8d9
8 0 0 68 31700f14
8 0 0 69 b39002ee
8 0 0 70 ba300733
8 0 0 71 850ffb19
8 0 0 72 7d0000a8
8 0 0 73 89affd22
8 0 0 74 2274fe234
8 0 0 75 29c3ffe84
8 0 0 76 47000d67
8 0 0 77 2d8fff80
8 0 0 78 f49002fc
8 0 0 79 ecf01a76
8 0 0 80 27100090
8 0 0 81 4ae0160e
8 0 0 82 6900014a
8 0 0 83 4d001b64
8 0 0 84 187b01037
8 0 0 85 147a0085e
8 0 0 86 153800438
8 0 0 87 5d1ffb0a
8 0 0 88 7d101e38
8 0 0 89 6b301420
8 0 0 90 6ce00d62
8 0 0 91 7ffff8d9
8 0 0 92 31700f14
8 0 0 93 b39002ee
8 0 0 94 ba300733
8 0 0 95 850ffb19
8 0 0 96 bf000038
8 0 0 97 88900125
8 0 0 98 11afff70e
8 0 0 99 368fffb30
8 0 0 100 64300f7e
8 0 0 101 4a8ffbf3
8 0 0 102 223f00456
8 0 0 103 c730155c
8 0 0 104 4b00021c
8 0 0 105 26b00f11
8 0 0 106 d12ffa33
8 0 0 107 56401bb5
8 0 0 108 16ca00c41
8 0 0 109 1a3a006c2
8 0 0 110 e4400503
8 0 0 111 c25feef3
8 0 0 112 67102251
8 0 0 113 d5e022e7
8 0 0 114 87f0056a
8 0 0 115 544ff021
8 0 0 116 35201293
8 0 0 117 b8cffd51
8 0 0 118 a8bffda5
8 0 0 119 ab4ff4f3
8 0 0 120 bf000038
8 0 0 121 88900125
8 0 0 122 11afff70e
8 0 0 123 368fffb30
8 0 0 124 64300f7e
8 0 0 125 4a8ffbf3
8 0 0 126 223f00456
8 0 0 127 c730155c
8 0 0 128 4b00021c
8 0 0 129 26b00f11
8 0 0 130 d12ffa33
8 0 0 131 56401bb5
8 0 0 132 16ca00c41
8 0 0 133 1a3a006c2
8 0 0 134 e4400503
8 0 0 135 c25feef3
8 0 0 136 67102251
8 0 0 137 d5e022e7
8 0 0 138 87f0056a
8 0 0 139 544ff021
8 0 0 140 35201293
8 0 0 141 b8cffd51
8 0 0 142 a8bffda5
8 0 0 143 ab4ff4f3
9 1 0 0 2704ed7f
9 1 0 1 15fb7ffe
9 1 0 2 7f0718ff
9 1 0 3 7ffaf301
9 1 0 4 b9ebb5e5
9 1 0 5 1ed0e32a
9 1 0 6 f2122604
9 1 0 7 1733c806
9 1 0 8 2daecc8
9 1 0 9 207f10e8
9 1 0 10 ee8b84db
9 1 0 11 1ce9af08
9 1 0 12 7f170f01
9 1 0 13 7ff9f801
9 1 0 14 9f308f3
9 1 0 15 80e4504
9 1 0 16 e217e5e3
9 1 0 17 f90d26fe
9 1 0 18 352af90c
9 1 0 19 cfaf900
9 1 0 20 35fd58e8
9 1 0 21 760ffc10
9 1 0 22 b609e7ef
9 1 0 23 7ff4e1fc
9 1 0 24 fb01010f
9 1 0 25 1023f9d8
9 1 0 26 e5eeff10
9 1 0 27 50a0719
9 1 0 28 7fffea15
9 1 0 29 f3e17fec
9 1 0 30 c8e31305
9 1 0 31 39d910bd
9 1 0 32 c7c2e97f
9 1 0 33 13f300f8
9 1 0 34 7f2de00f
9 1 0 35 6f0d36c0
9 1 0 36 24f600e8
9 1 0 37 efcf9f7
9 1 0 38 da17f8fc
9 1 0 39 12000edd
9 1 0 40 a6d5f87f
9 1 0 41 f0812412
9 1 0 42 2a05fcf9
9 1 0 43 7fdd2809
9 1 0 44 2ef1f11a
9 1 0 45 373aafe4
9 1 0 46 ff2f1e6
9 1 0 47 c70a35aa
9 1 0 48 810f527
9 1 0 49 2b03d9f4
9 1 0 50 fe040ff9
9 1 0 51 1f0a0422
9 1 0 52 ffbe14db
9 1 0 53 100b241
9 1 0 54 aee0107
9 1 0 55 8ba696a1
9 1 0 56 7e24f230
9 1 0 57 e4cff3d6
9 1 0 58 12f4f085
9 1 0 59 d2b8f281
9 1 0 60 cdf2fbe4
9 1 0 61 2ff2ff0a
9 1 0 62 cefff0e
9 1 0 63 2a09f356
9 1 0 64 fecd16ff
9 1 0 65 2519fd00
9 1 0 66 cde8e3e2
9 1 0 67 35222f00
9 1 0 68 3ae5057f
9 1 0 69 14e414f0
9 1 0 70 7fffa6de
9 1 0 71 b40bdaf1
9 1 0 72 e6f91be4
9 1 0 73 eadbf2fd
9 1 0 74 605faf3
9 1 0 75 20df80d
9 1 0 76 1a08f9fd
9 1 0 77 9110c0a
9 1 0 78 fef0eaed
9 1 0 79 36cdee28
9 1 0 80 1af40b1f
9 1 0 81 190bf4ea
9 1 0 82 fde5f1a0
9 1 0 83 b4cfc2fa
9 1 0 84 f6010824
9 1 0 85 3ff0401
9 1 0 86 ff81f600
9 1 0 87 8101e5fc
9 1 0 88 2f80321
9 1 0 89 1e1d16fc
9 1 0 90 f2f51e7f
9 1 0 91 d01d9df
9 1 0 92 cd221e34
9 1 0 93 916f008
9 1 0 94 13042bfd
9 1 0 95 b21e00fa
9 1 0 96 f4000afb
9 1 0 97 1e564df
9 1 0 98 81bf808
9 1 0 99 fb0f0405
9 1 0 100 f1f9bc02
9 1 0 101 316d730
9 1 0 102 17faf9f7
9 1 0 103 c803a543
9 1 0 104 36bb221c
9 1 0 105 e29f306
9 1 0 106 4bb249c3
9 1 0 107 e1a974c
9 1 0 108 f0fb1d
9 1 0 109 ff4003f6
9 1 0 110 f3f41c13
9 1 0 111 61eea4c
9 1 0 112 220a092e
9 1 0 113 ecee7012
9 1 0 114 12291618
9 1 0 115 f6dae744
9 1 0 116 3701f1e0
9 1 0 117 450b22ff
9 1 0 118 284dfba6
9 1 0 119 fc168406
9 1 0 120 1815f7f2
9 1 0 121 31e920f1
9 1 0 122 1cfd04
9 1 0 123 f732060f
9 1 0 124 41e165e
9 1 0 125 f61c40e3
9 1 0 126 1f7e37f
9 1 0 127 cf8113e6
9 1 0 128 bf6aa0b
9 1 0 129 f1fa89ee
9 1 0 130 2c5d4526
9 1 0 131 e13c1c49
9 1 0 132 eae707f9
9 1 0 133 fd00050b
9 1 0 134 201f2f2
9 1 0 135 2c04ad02
9 1 0 136 f803c122
9 1 0 137 feefa7de
9 1 0 138 f2f6fed3
9 1 0 139 d4b225ea
9 1 0 140 284a575f
9 1 0 141 f50c811d
9 1 0 142 de5060b
9 1 0 143 ccf144ed
9 0 0 0 81bffdfc
9 0 0 1 662ffae8
9 0 0 2 2daffc92
9 0 0 3 39eff7a7
9 0 0 4 3ce002db
9 0 0 5 359ff55e
9 0 0 6 8b500330
9 0 0 7 2b800cbc
9 0 0 8 4ffffe69
9 0 0 9 4da00798
9 0 0 10 1c0001ba
9 0 0 11 4920086a
9 0 0 12 52000095
9 0 0 13 440ffa66
9 0 0 14 3a3005a6
9 0 0 15 4b100273
9 0 0 16 35500a3f
9 0 0 17 a8d005ce
9 0 0 18 736ffd02
9 0 0 19 493ffc21
9 0 0 20 1f3ff85a
9 0 0 21 2db00171
9 0 0 22 20cfffb8
9 0 0 23 47000c96
9 0 0 24 81bffdfc
9 0 0 25 662ffae8
9 0 0 26 2daffc92
9 0 0 27 39eff7a7
9 0 0 28 3ce002db
9 0 0 29 359ff55e
9 0 0 30 8b500330
9 0 0 31 2b800cbc
9 0 0 32 4ffffe69
9 0 0 33 4da00798
9 0 0 34 1c0001ba
9 0 0 35 4920086a
9 0 0 36 52000095
9 0 0 37 440ffa66
9 0 0 38 3a3005a6
9 0 0 39 4b100273
9 0 0 40 35500a3f
9 0 0 41 a8d005ce
9 0 0 42 736ffd02
9 0 0 43 493ffc21
9 0 0 44 1f3ff85a
9 0 0 45 2db00171
9 0 0 46 20cfffb8
9 0 0 47 47000c96
9 0 0 48 8bcffc42
9 0 0 49 7ffffca8
9 0 0 50 20c0018b
9 0 0 51 2f1ff744
9 0 0 52 50000712
9 0 0 53 3baffdd5
9 0 0 54 72e001da
9 0 0 55 234012a7
9 0 0 56 543fff23
9 0 0 57 64c00ab9
9 0 0 58 f70023f
9 0 0 59 45701039
9 0 0 60 33000461
9 0 0 61 2c0ffafd
9 0 0 62 28800705
9 0 0 63 967ffe23
9 0 0 64 1f7008b7
9 0 0 65 65e005b9
9 0 0 66 40f001e4
9 0 0 67 46e0058a
9 0 0 68 2d3ff3de
9 0 0 69 3c0ffe29
9 0 0 70 3fff8fffc7
9 0 0 71 50e01775
9 0 0 72 8bcffc42
9 0 0 73 7ffffca8
9 0 0 74 20c0018b
9 0 0 75 2f1ff744
9 0 0 76 50000712
9 0 0 77 3baffdd5
9 0 0 78 72e001da
9 0 0 79 234012a7
9 0 0 80 543fff23
9 0 0 81 64c00ab9
9 0 0 82 f70023f
9 0 0 83 45701039
9 0 0 84 33000461
9 0 0 85 2c0ffafd
9 0 0 86 28800705
9 0 0 87 967ffe23
9 0 0 88 1f7008b7
9 0 0 89 65e005b9
9 0 0 90 40f001e4
9 0 0 91 46e0058a
9 0 0 92 2d3ff3de
9 0 0 93 3c0ffe29
9 0 0 94 3fff8fffc7
9 0 0 95 50e01775
9 0 0 96 5f5ffd3f
9 0 0 97 6c0fefb5
9 0 0 98 2b800190
9 0 0 99 2e0ffab6
9 0 0 100 377009d0
9 0 0 101 3500002d
9 0 0 102 8e8ff512
9 0 0 103 29c0128a
9 0 0 104 1f1ffdb4
9 0 0 105 475008e2
9 0 0 106 1df004c9
9 0 0 107 28801283
9 0 0 108 397003d6
9 0 0 109 29dffe32
9 0 0 110 3ad004e4
9 0 0 111 9b1ffc8a
9 0 0 112 1f900745
9 0 0 113 a03ffdeb
9 0 0 114 5ff00aa3
9 0 0 115 347002bb
9 0 0 116 1a6ff849
9 0 0 117 3bd00702
9 0 0 118 3ffb4003ae
9 0 0 119 23f00d39
9 0 0 120 5f5ffd3f
9 0 0 121 6c0fefb5
9 0 0 122 2b800190
9 0 0 123 2e0ffab6
9 0 0 124 377009d0
9 0 0 125 3500002d
9 0 0 126 8e8ff512
9 0 0 127 29c0128a
9 0 0 128 1f1ffdb4
9 0 0 129 475008e2
9 0 0 130 1df004c9
9 0 0 131 28801283
9 0 0 132 397003d6
9 0 0 133 29dffe32
9 0 0 134 3ad004e4
9 0 0 135 9b1ffc8a
9 0 0 136 1f900745
9 0 0 137 a03ffdeb
9 0 0 138 5ff00aa3
9 0 0 139 347002bb
9 0 0 140 1a6ff849
9 0 0 141 3bd00702
9 0 0 142 3ffb4003ae
9 0 0 143 23f00d39
10 1 0 0 f9fb1209
10 1 0 1 a101def
10 1 0 2 7f073216
10 1 0 3 c8fe0615
10 1 0 4 73817f17
10 1 0 5 250420d2
10 1 0 6 9602fcf1
10 1 0 7 68fd967f
10 1 0 8 cdffdb9f
10 1 0 9 e8ce252a
10 1 0 10 8131d8c6
10 1 0 11 39ff1af3
10 1 0 12 ea31ba81
10 1 0 13 9e8132dc
10 1 0 14 d54b4fbd
10 1 0 15 f001ab06
10 1 0 16 a4c7f9e
10 1 0 17 ab4d3d0
10 1 0 18 e9fee506
10 1 0 19 27d23ed0
10 1 0 20 7f01e0ee
10 1 0 21 ff7f37e8
10 1 0 22 aaebd00e
10 1 0 23 290a7f61
10 1 0 24 cef1419
10 1 0 25 1021dc7f
10 1 0 26 fcec604b
10 1 0 27 f1c03ee
10 1 0 28 2355fee5
10 1 0 29 d17f81b3
10 1 0 30 45041838
10 1 0 31 81ad9781
10 1 0 32 3c92e8c2
10 1 0 33 cf05eee5
10 1 0 34 3f0807e0
10 1 0 35 f822f696
10 1 0 36 10768ce
10 1 0 37 e4129913
10 1 0 38 13e5fad5
10 1 0 39 da0996ec
10 1 0 40 fa81de59
10 1 0 41 81d973b7
10 1 0 42 c206fece
10 1 0 43 b21d6c81
10 1 0 44 edf181b6
10 1 0 45 fffc06f0
10 1 0 46 14ef0c
10 1 0 47 1106f217
10 1 0 48 cefd0c4a
10 1 0 49 7f810ae6
10 1 0 50 dc227ff5
10 1 0 51 faf828fc
10 1 0 52 18007f7f
10 1 0 53 25f91cdf
10 0 0 0 1daa0010f
10 0 0 1 20bf0080c
10 0 0 2 340c03c04
10 0 0 3 364affcef
10 0 0 4 118c01be2
10 0 0 5 272f003a7
10 0 0 6 78be0016c
10 0 0 7 183c022b5
10 0 0 8 27c0fef84
10 0 0 9 2311feb71
10 0 0 10 3d05ff97b
10 0 0 11 1da1ff6bd
10 0 0 12 e1901968
10 0 0 13 20ff0233f
10 0 0 14 9af8ff390
10 0 0 15 4bdfffc65
10 0 0 16 f88028cb
10 0 0 17 2a8a008c3
10 0 0 18 20e801fa5
10 0 0 19 1003ffc7d
10 0 0 20 279bff0b1
10 0 0 21 1ceeff355
10 0 0 22 46e403aa6
10 0 0 23 1f9eff8fb
10 0 0 24 1daa0010f
10 0 0 25 20bf0080c
10 0 0 26 340c03c04
10 0 0 27 364affcef
10 0 0 28 118c01be2
10 0 0 29 272f003a7
10 0 0 30 78be0016c
10 0 0 31 183c022b5
10 0 0 32 27c0fef84
10 0 0 33 2311feb71
10 0 0 34 3d05ff97b
10 0 0 35 1da1ff6bd
10 0 0 36 e1901968
10 0 0 37 20ff0233f
10 0 0 38 9af8ff390
10 0 0 39 4bdfffc65
10 0 0 40 f88028cb
10 0 0 41 2a8a008c3
10 0 0 42 20e801fa5
10 0 0 43 1003ffc7d
10 0 0 44 279bff0b1
10 0 0 45 1ceeff355
10 0 0 46 46e403aa6
10 0 0 47 1f9eff8fb
10 0 0 48 28ee000de
10 0 0 49 147efffa1
10 0 0 50 333a03178
10 0 0 51 3e52fff0f
10 0 0 52 b8101a8a
10 0 0 53 25e7ff592
10 0 0 54 d14200126
10 0 0 55 ada013cc
10 0 0 56 a4dff2cb
10 0 0 57 1614fece9
10 0 0 58 3babff3c8
10 0 0 59 2895fe18f
10 0 0 60 8b60150c
10 0 0 61 162a021f6
10 0 0 62 54a1ff1e1
10 0 0 63 8623ff6af
10 0 0 64 16bf0317f
10 0 0 65 3d2800c97
10 0 0 66 10f100e5d
10 0 0 67 10e90135b
10 0 0 68 2142fef43
10 0 0 69 1165ffe15
10 0 0 70 66f603d85
10 0 0 71 1fb0ff2b7
10 0 0 72 28ee000de
10 0 0 73 147efffa1
10 0 0 74 333a03178
10 0 0 75 3e52fff0f
10 0 0 76 b8101a8a
10 0 0 77 25e7ff592
10 0 0 78 d14200126
10 0 0 79 ada013cc
10 0 0 80 a4dff2cb
10 0 0 81 1614fece9
10 0 0 82 3babff3c8
10 0 0 83 2895fe18f
10 0 0 84 8b60150c
10 0 0 85 162a021f6
10 0 0 86 54a1ff1e1
10 0 0 87 8623ff6af
10 0 0 88 16bf0317f
10 0 0 89 3d2800c97
10 0 0 90 10f100e5d
10 0 0 91 10e90135b
10 0 0 92 2142fef43
10 0 0 93 1165ffe15
10 0 0 94 66f603d85
10 0 0 95 1fb0ff2b7
10 0 0 96 44c7002c3
10 0 0 97 1d51fff27
10 0 0 98 3b5103ccc
10 0 0 99 320efffce
10 0 0 100 133502230
10 0 0 101 2bccff6f4
10 0 0 102 c611000cc
10 0 0 103 11a701f1a
10 0 0 104 1a11ff3f8
10 0 0 105 1f59fe0e3
10 0 0 106 44afff1d7
10 0 0 107 1b2afeddb
10 0 0 108 cc40233a
10 0 0 109 148a01d66
10 0 0 110 6202ff517
10 0 0 111 3b07ffb39
10 0 0 112 1ea9046d3
10 0 0 113 27ed00936
10 0 0 114 162501ca6
10 0 0 115 149f02209
10 0 0 116 1e7cff323
10 0 0 117 ee6ff24c
10 0 0 118 456602fde
10 0 0 119 341ffed38
10 0 0 120 44c7002c3
10 0 0 121 1d51fff27
10 0 0 122 3b5103ccc
10 0 0 123 320efffce
10 0 0 124 133502230
10 0 0 125 2bccff6f4
10 0 0 126 c611000cc
10 0 0 127 11a701f1a
10 0 0 128 1a11ff3f8
10 0 0 129 1f59fe0e3
10 0 0 130 44afff1d7
10 0 0 131 1b2afeddb
10 0 0 132 cc40233a
10 0 0 133 148a01d66
10 0 0 134 6202ff517
10 0 0 135 3b07ffb39
10 0 0 136 1ea9046d3
10 0 0 137 27ed00936
10 0 0 138 162501ca6
10 0 0 139 149f02209
10 0 0 140 1e7cff323
10 0 0 141 ee6ff24c
10 0 0 142 456602fde
10 0 0 143 341ffed38
11 1 0 0 815309f6
11 1 1 0 81e809e9
11 1 0 1 81fb0004
11 1 1 1 81b800fe
11 1 0 2 8131ea0b
11 1 1 2 bf16de24
11 1 0 3 810af60e
11 1 1 3 81030c16
11 1 0 4 81c6fafe
11 1 1 4 811ffb02
11 1 0 5 70b0500
11 1 1 5 f4fe0102
11 1 0 6 81f33df9
11 1 1 6 8110f13c
11 1 0 7 9c0bfc
11 1 1 7 deaf2bd8
11 1 0 8 3fbf100
11 1 1 8 eae0fd14
11 1 0 9 f9fefcf9
11 1 1 9 f7fffdf8
11 1 0 10 24fdff14
11 1 1 10 3d012e67
11 1 0 11 cc021c14
11 1 1 11 d0fc1824
11 1 0 12 fafffeff
11 1 1 12 2d5ff5e
11 1 0 13 ee81001d
11 1 1 13 f4faff03
11 1 0 14 f8f4fbf3
11 1 1 14 dc0c3b20
11 1 0 15 f1fdfd0a
11 1 1 15 a1f2e82e
11 1 0 16 18f9fffb
11 1 1 16 f7f10409
11 1 0 17 4f8ff00
11 1 1 17 f80904
11 1 0 18 dd0de2fb
11 1 1 18 957fe6f5
11 1 0 19 dafc15f5
11 1 1 19 3f937f9
11 1 0 20 4060d00
11 1 1 20 f502070a
11 1 0 21 f9fe0b01
11 1 1 21 fbfa0501
11 1 0 22 f3040f08
11 1 1 22 dd022cf0
11 1 0 23 fbf9f781
11 1 1 23 2cb00502
11 1 0 24 2fd713a
11 1 1 24 f50dfe16
11 1 0 25 f8fc0ac4
11 1 1 25 fbf7c6e8
11 1 0 26 fbfade04
11 1 1 26 5abf3af
11 1 0 27 10e203ea
11 1 1 27 170c1719
11 1 0 28 3ed4120
11 1 1 28 f8f4f8ef
11 1 0 29 5fdfef9
11 1 1 29 fcfe0003
11 1 0 30 f83f0cfb
11 1 1 30 15020011
11 1 0 31 20b1cbf
11 1 1 31 d32c2940
11 1 0 32 80b0b1a
11 1 1 32 1002f323
11 1 0 33 322f90d
11 1 1 33 4fbfb10
11 1 0 34 1902f9ff
11 1 1 34 44ebb9e7
11 1 0 35 3600eec9
11 1 1 35 1b09fbfb
11 1 0 36 5cd00f9
11 1 1 36 f8f8c30f
11 1 0 37 faddfb
11 1 1 37 3fe81fc
11 1 0 38 7f70f08
11 1 1 38 16f20a02
11 1 0 39 ee042d
11 1 1 39 dd16117f
11 1 0 40 34b0808
11 1 1 40 60dda1b
11 1 0 41 915f6fe
11 1 1 41 3daff02
11 1 0 42 d4eae103
11 1 1 42 c7d7e22c
11 1 0 43 e5fb34f0
11 1 1 43 36edda09
11 1 0 44 212f606
11 1 1 44 ec17ce14
11 1 0 45 fa0af30a
11 1 1 45 fe0d02
11 1 0 46 fe05f5f9
11 1 1 46 fcf2bee8
11 1 0 47 fe0b05f4
11 1 1 47 50fd53fc
11 0 0 0 5392ece29
11 0 0 1 734bff25c
11 0 0 2 51f601d06
11 0 0 3 73d30ffd0
11 0 0 4 35b3003e1
11 0 0 5 1f970221c
11 0 0 6 79c004019
11 0 0 7 4efbfd095
11 0 0 8 2997027e0
11 0 0 9 3e16fd3aa
11 0 0 10 51afffd9c
11 0 0 11 765d0161e
11 0 0 12 5548fdd0f
11 0 0 13 467efff18
11 0 0 14 127a01407
11 0 0 15 1591ff4ae
11 0 0 16 5392ece29
11 0 0 17 734bff25c
11 0 0 18 51f601d06
11 0 0 19 73d30ffd0
11 0 0 20 35b3003e1
11 0 0 21 1f970221c
11 0 0 22 79c004019
11 0 0 23 4efbfd095
11 0 0 24 2997027e0
11 0 0 25 3e16fd3aa
11 0 0 26 51afffd9c
11 0 0 27 765d0161e
11 0 0 28 5548fdd0f
11 0 0 29 467efff18
11 0 0 30 127a01407
11 0 0 31 1591ff4ae
11 0 0 32 3f53f4abe
11 0 0 33 7336fe435
11 0 0 34 5312fff78
11 0 0 35 5f3b09624
11 0 0 36 4c49021da
11 0 0 37 116800714
11 0 0 38 626300a83
11 0 0 39 73f4fd82a
11 0 0 40 4c90008ca
11 0 0 41 599afb5e8
11 0 0 42 5f9fff481
11 0 0 43 9d46fef61
11 0 0 44 6c31fd8f6
11 0 0 45 4548ff8cc
11 0 0 46 46e40305b
11 0 0 47 103afeb76
11 0 0 48 3f53f4abe
11 0 0 49 7336fe435
11 0 0 50 5312fff78
11 0 0 51 5f3b09624
11 0 0 52 4c49021da
11 0 0 53 116800714
11 0 0 54 626300a83
11 0 0 55 73f4fd82a
11 0 0 56 4c90008ca
11 0 0 57 599afb5e8
11 0 0 58 5f9fff481
11 0 0 59 9d46fef61
11 0 0 60 6c31fd8f6
11 0 0 61 4548ff8cc
11 0 0 62 46e40305b
11 0 0 63 103afeb76
11 0 0 64 1edaf877f
11 0 0 65 5f13ff200
11 0 0 66 2a76019f5
11 0 0 67 3f2807ff9
11 0 0 68 452900573
11 0 0 69 3c50001f
11 0 0 70 486201f0c
11 0 0 71 732afdd85
11 0 0 72 3c970375e
11 0 0 73 217bfefab
11 0 0 74 3b2500264
11 0 0 75 295aff600
11 0 0 76 3f1aff1fb
11 0 0 77 476e00324
11 0 0 78 2bba04a17
11 0 0 79 165a0032e
11 0 0 80 1edaf877f
11 0 0 81 5f13ff200
11 0 0 82 2a76019f5
11 0 0 83 3f2807ff9
11 0 0 84 452900573
11 0 0 85 3c50001f
11 0 0 86 486201f0c
11 0 0 87 732afdd85
11 0 0 88 3c970375e
11 0 0 89 217bfefab
11 0 0 90 3b2500264
11 0 0 91 295aff600
11 0 0 92 3f1aff1fb
11 0 0 93 476e00324
11 0 0 94 2bba04a17
11 0 0 95 165a0032e
12 1 0 0 61f4905
12 1 1 0 ff20f001
12 1 2 0 efff0607
12 1 3 0 f7130418
12 1 4 0 30a54f1
12 1 5 0 fc0ce309
12 1 0 1 161705f8
12 1 1 1 101101f8
12 1 2 1 19fb2aea
12 1 3 1 1aeffef6
12 1 4 1 13f8e9fe
12 1 5 1 2dd804f6
12 1 0 2 75cdeff
12 1 1 2 1205190d
12 1 2 2 1a14db03
12 1 3 2 c0601ef
12 1 4 2 3c3eebef
12 1 5 2 162053eb
12 1 0 3 1d16e4f8
12 1 1 3 909faf5
12 1 2 3 2a05d9fe
12 1 3 3 70b07f6
12 1 4 3 8f80815
12 1 5 3 172de922
12 1 0 4 413edf3
12 1 1 4 fd1409f4
12 1 2 4 915dc0a
12 1 3 4 61ce40e
12 1 4 4 201e50b
12 1 5 4 181fe8fb
12 1 0 5 20df4fc
12 1 1 5 161cd9f8
12 1 2 5 25ee01f6
12 1 3 5 1fecf3f3
12 1 4 5 1dfcf800
12 1 5 5 29ebe8fa
12 1 0 6 e21ecf12
12 1 1 6 41fe00d
12 1 2 6 fc1637f7
12 1 3 6 1eaf6f1
12 1 4 6 324bb8e1
12 1 5 6 2224def1
12 1 0 7 253605eb
12 1 1 7 1025e301
12 1 2 7 45f5f9d9
12 1 3 7 700eefc
12 1 4 7 150822e9
12 1 5 7 faecf1
12 1 0 8 ef3e2f36
12 1 1 8 d9353b22
12 1 2 8 f03a21f9
12 1 3 8 f54264ff
12 1 4 8 1e3b4fe7
12 1 5 8 3e3d1fd2
12 1 0 9 283852dc
12 1 1 9 2e477fe5
12 1 2 9 7fa41b82
12 1 3 9 43e01fdd
12 1 4 9 21e709de
12 1 5 9 7bd87284
12 1 0 10 ea37030a
12 1 1 10 540df14
12 1 2 10 3190ee8
12 1 3 10 22d12e9
12 1 4 10 2c34f8e9
12 1 5 10 2e4defda
12 1 0 11 1829ec02
12 1 1 11 1c35eefc
12 1 2 11 3af8f1f2
12 1 3 11 2feef8d4
12 1 4 11 13fc12eb
12 1 5 11 2dd30cca
12 1 0 12 f022e502
12 1 1 12 f509f6f8
12 1 2 12 ec1ede21
12 1 3 12 ff26dc07
12 1 4 12 c16e5f7
12 1 5 12 f111513
12 1 0 13 121cd9f2
12 1 1 13 316d300
12 1 2 13 23faebef
12 1 3 13 1500f2fa
12 1 4 13 19f5f5e8
12 1 5 13 3a0ac6cd
12 1 0 14 f0220a0f
12 1 1 14 ef130d02
12 1 2 14 eb48f62c
12 1 3 14 df10f937
12 1 4 14 273cf1f2
12 1 5 14 1335cff7
12 1 0 15 2639dff1
12 1 1 15 262cd5e6
12 1 2 15 17ebfc06
12 1 3 15 1bf912f4
12 1 4 15 2aedf3df
12 1 5 15 53ab16e6
12 1 0 16 120ae3e6
12 1 1 16 ff1de9f2
12 1 2 16 fa1400fd
12 1 3 16 fb37e80e
12 1 4 16 618fe08
12 1 5 16 141706f9
12 1 0 17 111bfcfc
12 1 1 17 191c0deb
12 1 2 17 1b0805e5
12 1 3 17 7fdf4f6
12 1 4 17 18f6eeee
12 1 5 17 5df9d1bd
12 1 0 18 f2f6e8bf
12 1 1 18 f719f2fa
12 1 2 18 f61f0def
12 1 3 18 2f107f3
12 1 4 18 f30b11bf
12 1 5 18 f70608ef
12 1 0 19 f00306f9
12 1 1 19 fff8fa07
12 1 2 19 f93015da
12 1 3 19 40015f4
12 1 4 19 4f90704
12 1 5 19 fb1d0704
12 1 0 20 f400a635
12 1 1 20 eec0df
12 1 2 20 f4e4f118
12 1 3 20 ee2600fd
12 1 4 20 ecf02004
12 1 5 20 23211ce
12 1 0 21 f20814f9
12 1 1 21 ec1726f7
12 1 2 21 f2d54214
12 1 3 21 fdfa11f3
12 1 4 21 f21c100e
12 1 5 21 e6eb2feb
12 1 0 22 d9db28d9
12 1 1 22 c9e809fb
12 1 2 22 fd062feb
12 1 3 22 e8f82ef8
12 1 4 22 f2eafae7
12 1 5 22 b6bf14f6
12 1 0 23 f0ff00fe
12 1 1 23 f8faef06
12 1 2 23 f906f6fd
12 1 3 23 e9ea0708
12 1 4 23 f8f0faf7
12 1 5 23 fb1af416
12 1 0 24 3eec8c0
12 1 1 24 ef0416e3
12 1 2 24 f504f1b3
12 1 3 24 e31ee9f3
12 1 4 24 2fbfaf2
12 1 5 24 f6f623f0
12 1 0 25 f927e1aa
12 1 1 25 e303f1d5
12 1 2 25 e9db41c4
12 1 3 25 f707010a
12 1 4 25 f6fcfdd9
12 1 5 25 f4ec14d0
12 1 0 26 a1150fa1
12 1 1 26 be4d9aa
12 1 2 26 d1baf1ba
12 1 3 26 1cd70081
12 1 4 26 d8f4fee5
12 1 5 26 89b09b7
12 1 0 27 d18107f7
12 1 1 27 43e7eecb
12 1 2 27 db0bf7cd
12 1 3 27 fbef13c5
12 1 4 27 ecedf0f3
12 1 5 27 1ec7c9b8
12 1 0 28 e737e2ec
12 1 1 28 c516ebe7
12 1 2 28 ed00e110
12 1 3 28 c9d8d204
12 1 4 28 de1d0ff0
12 1 5 28 d8460206
12 1 0 29 ec050aed
12 1 1 29 9ae51cf2
12 1 2 29 d5e902fb
12 1 3 29 e21102f5
12 1 4 29 f3f90cf7
12 1 5 29 94fb27e4
12 1 0 30 daf85ee3
12 1 1 30 ffea27f9
12 1 2 30 f7c626f3
12 1 3 30 3e93af3
12 1 4 30 ece018f1
12 1 5 30 eee7fafe
12 1 0 31 f7d03bf7
12 1 1 31 fffb2d05
12 1 2 31 f80cdb00
12 1 3 31 2eff5f5
12 1 4 31 fced1700
12 1 5 31 f903de04
12 1 0 32 ffef0ed6
12 1 1 32 e8f92cf4
12 1 2 32 e63ccdeb
12 1 3 32 e4f0afee
12 1 4 32 da36fae0
12 1 5 32 e9190d0c
12 1 0 33 e73c1fe2
12 1 1 33 c9fb35da
12 1 2 33 e7040afb
12 1 3 33 f0050b02
12 1 4 33 f40e18de
12 1 5 33 dfed7fc5
12 1 0 34 fefdfd08
12 1 1 34 f21c00f0
12 1 2 34 e21fffda
12 1 3 34 d84e06e1
12 1 4 34 4fa01
12 1 5 34 ea1f01d4
12 1 0 35 f513ffeb
12 1 1 35 fb35fcf5
12 1 2 35 f92609ec
12 1 3 35 ee11fdf9
12 1 4 35 f70b0602
12 1 5 35 d822edf6
12 1 0 36 2033e609
12 1 1 36 f5f9dc09
12 1 2 36 def9fe03
12 1 3 36 c711fe16
12 1 4 36 260221fe
12 1 5 36 f0fdf6f5
12 1 0 37 1ef02aff
12 1 1 37 2b0d20f5
12 1 2 37 660318f9
12 1 3 37 3ff5f9f4
12 1 4 37 16ff0607
12 1 5 37 1113150c
12 1 0 38 6c0f550
12 1 1 38 7f07130d
12 1 2 38 6905141e
12 1 3 38 6cdd0d09
12 1 4 38 af09d829
12 1 5 38 f8f94b11
12 1 0 39 fd0afa21
12 1 1 39 1feda15
12 1 2 39 8216dc3c
12 1 3 39 c10bfa15
12 1 4 39 eaf80d10
12 1 5 39 2bdf0522
12 1 0 40 bfb0df1
12 1 1 40 bdf4061e
12 1 2 40 13f814f6
12 1 3 40 150b190d
12 1 4 40 e9f428f7
12 1 5 40 1905f60b
12 1 0 41 1efef914
12 1 1 41 f20b1610
12 1 2 41 36b91a06
12 1 3 41 25e31d08
12 1 4 41 d3fe01fb
12 1 5 41 dd00f313
12 1 0 42 ceac407f
12 1 1 42 e008271e
12 1 2 42 7febd321
12 1 3 42 75ce0af8
12 1 4 42 b801ee27
12 1 5 42 df031829
12 1 0 43 e60cbe11
12 1 1 43 1ef6ec08
12 1 2 43 e0020332
12 1 3 43 e0f70d12
12 1 4 43 b0f5d21b
12 1 5 43 c5d40aea
12 1 0 44 fa542650
12 1 1 44 bfd7e048
12 1 2 44 95172434
12 1 3 44 bb4df047
12 1 4 44 42151b11
12 1 5 44 50f48c29
12 1 0 45 6b0439fa
12 1 1 45 e43c061b
12 1 2 45 1a034f35
12 1 3 45 7fe9f21c
12 1 4 45 7f013104
12 1 5 45 e72d145c
12 1 0 46 59fff561
12 1 1 46 502f2e64
12 1 2 46 f1e31725
12 1 3 46 babded1d
12 1 4 46 aa14de2e
12 1 5 46 e0283e2f
12 1 0 47 fe10fa16
12 1 1 47 27fac427
12 1 2 47 a805f33a
12 1 3 47 a5171434
12 1 4 47 e206e826
12 1 5 47 4aedfa2b
12 1 0 48 fe1622
12 1 1 48 2cf01905
12 1 2 48 dee91352
12 1 3 48 e20a1711
12 1 4 48 1ce7160a
12 1 5 48 ffc06f3
12 1 0 49 3ef2101e
12 1 1 49 efb071e
12 1 2 49 eed7f228
12 1 3 49 8fe1000
12 1 4 49 4adc1910
12 1 5 49 1ae8184c
12 1 0 50 1cec0c2a
12 1 1 50 5050432
12 1 2 50 68f8e561
12 1 3 50 18af1147
12 1 4 50 e316ff25
12 1 5 50 f20a072b
12 1 0 51 b50ede36
12 1 1 51 eae6000d
12 1 2 51 1f61d16
12 1 3 51 f7fef823
12 1 4 51 8b03e72f
12 1 5 51 b2bbe70c
12 1 0 52 98080b10
12 1 1 52 e3eb001e
12 1 2 52 f419eb18
12 1 3 52 b056ef47
12 1 4 52 1715fa0d
12 1 5 52 8fcfc20
12 1 0 53 8fb1a12
12 1 1 53 c1b2426
12 1 2 53 5403011e
12 1 3 53 2e03fd11
12 1 4 53 1608
12 1 5 53 737154e
12 1 0 54 ee1c1dfa
12 1 1 54 8fd0405
12 1 2 54 fa02fc07
12 1 3 54 ddd040c
12 1 4 54 fffb06f6
12 1 5 54 fb08fafc
12 1 0 55 edfdfeff
12 1 1 55 ed15fdf7
12 1 2 55 bfa04f8
12 1 3 55 9fb07fc
12 1 4 55 fa07ff0a
12 1 5 55 14f10603
12 1 0 56 3118aa0d
12 1 1 56 e1af5f5
12 1 2 56 11ff9f3
12 1 3 56 fb0de9ec
12 1 4 56 ff36bdf3
12 1 5 56 f832e1f3
12 1 0 57 ef0c0201
12 1 1 57 8feedfd
12 1 2 57 2633cf03
12 1 3 57 fc1fef01
12 1 4 57 afbf9f6
12 1 5 57 e8080702
12 1 0 58 fa1435fc
12 1 1 58 f7181810
12 1 2 58 13e3fd03
12 1 3 58 fdfe010a
12 1 4 58 fa141904
12 1 5 58 71c2806
12 1 0 59 ff110000
12 1 1 59 ed0eecfa
12 1 2 59 de04050c
12 1 3 59 9070d05
12 1 4 59 f8080a06
12 1 5 59 f507db04
12 1 0 60 23e031f
12 1 1 60 7fe0dfb
12 1 2 60 e2a24f5
12 1 3 60 d0d00
12 1 4 60 fe432024
12 1 5 60 fd1c0dfa
12 1 0 61 24281bff
12 1 1 61 14f90e03
12 1 2 61 ff3d1508
12 1 3 61 ff0dff09
12 1 4 61 fb0c0b02
12 1 5 61 eb1c0cea
12 1 0 62 643bdd1e
12 1 1 62 4b37e924
12 1 2 62 4a39d515
12 1 3 62 3436f302
12 1 4 62 7f3bc113
12 1 5 62 7f3a0e23
12 1 0 63 784dc7fe
12 1 1 63 4b52d3fa
12 1 2 63 522cca10
12 1 3 63 271b0404
12 1 4 63 3724e80a
12 1 5 63 6241c829
12 1 0 64 1b0a0a09
12 1 1 64 122e2e03
12 1 2 64 ff1b1a07
12 1 3 64 1a301f06
12 1 4 64 ea1a1500
12 1 5 64 452011
12 1 0 65 f20e2615
12 1 1 65 2522371b
12 1 2 65 11042904
12 1 3 65 b1a0e0d
12 1 4 65 ff030e03
12 1 5 65 3d334900
12 1 0 66 11f51fc7
12 1 1 66 cfd00eb
12 1 2 66 fa0e0a09
12 1 3 66 1bf8fff3
12 1 4 66 bf8f7d2
12 1 5 66 fc0d0805
12 1 0 67 ed140513
12 1 1 67 e327f7ff
12 1 2 67 f10100e9
12 1 3 67 8f302f4
12 1 4 67 100906fa
12 1 5 67 20ec0409
12 1 0 68 f839e499
12 1 1 68 ee1706bf
12 1 2 68 1a14db0f
12 1 3 68 f930060f
12 1 4 68 eb1a10a4
12 1 5 68 f60eec9a
12 1 0 69 820e118
12 1 1 69 d0a191b
12 1 2 69 b1703b3
12 1 3 69 fc10ffe2
12 1 4 69 ff19f10d
12 1 5 69 ea5406fc
12 1 0 70 fa0308f3
12 1 1 70 50bf3df
12 1 2 70 f61515f3
12 1 3 70 191004
12 1 4 70 14fefe
12 1 5 70 f708f3d1
12 1 0 71 eb22ffe9
12 1 1 71 f12c06f8
12 1 2 71 f407fe02
12 1 3 71 fb0801eb
12 1 4 71 f70502f6
12 1 5 71 1b0afa
12 0 0 0 4a3101d36
12 0 0 1 671e01e61
12 0 0 2 64c501ca4
12 0 0 3 6dd602416
12 0 0 4 4ec702940
12 0 0 5 4d08028b4
12 0 0 6 549702a75
12 0 0 7 5acc02459
12 0 0 8 563b02692
12 0 0 9 9ae5028a7
12 0 0 10 a95e02831
12 0 0 11 481c02b6a
12 0 0 12 4a3101d36
12 0 0 13 671e01e61
12 0 0 14 64c501ca4
12 0 0 15 6dd602416
12 0 0 16 4ec702940
12 0 0 17 4d08028b4
12 0 0 18 549702a75
12 0 0 19 5acc02459
12 0 0 20 563b02692
12 0 0 21 9ae5028a7
12 0 0 22 a95e02831
12 0 0 23 481c02b6a
12 0 0 24 4a3101d36
12 0 0 25 671e01e61
12 0 0 26 64c501ca4
12 0 0 27 6dd602416
12 0 0 28 4ec702940
12 0 0 29 4d08028b4
12 0 0 30 549702a75
12 0 0 31 5acc02459
12 0 0 32 563b02692
12 0 0 33 9ae5028a7
12 0 0 34 a95e02831
12 0 0 35 481c02b6a
12 0 0 36 4a3101d36
12 0 0 37 671e01e61
12 0 0 38 64c501ca4
12 0 0 39 6dd602416
12 0 0 40 4ec702940
12 0 0 41 4d08028b4
12 0 0 42 549702a75
12 0 0 43 5acc02459
12 0 0 44 563b02692
12 0 0 45 9ae5028a7
12 0 0 46 a95e02831
12 0 0 47 481c02b6a
12 0 0 48 4a3101d36
12 0 0 49 671e01e61
12 0 0 50 64c501ca4
12 0 0 51 6dd602416
12 0 0 52 4ec702940
12 0 0 53 4d08028b4
12 0 0 54 549702a75
12 0 0 55 5acc02459
12 0 0 56 563b02692
12 0 0 57 9ae5028a7
12 0 0 58 a95e02831
12 0 0 59 481c02b6a
12 0 0 60 4a3101d36
12 0 0 61 671e01e61
12 0 0 62 64c501ca4
12 0 0 63 6dd602416
12 0 0 64 4ec702940
12 0 0 65 4d08028b4
12 0 0 66 549702a75
12 0 0 67 5acc02459
12 0 0 68 563b02692
12 0 0 69 9ae5028a7
12 0 0 70 a95e02831
12 0 0 71 481c02b6a
