0 1 0 0 2c0210fc
0 1 1 0 628f102
0 1 2 0 3ac5f0d2
0 1 0 1 3ce24ade
0 1 1 1 dec2247
0 1 2 1 fcd1e07
0 1 0 2 f7ccbea4
0 1 1 2 a26e9fd
0 1 2 2 d120201c
0 1 0 3 ea07f6f3
0 1 1 3 dc1ceac8
0 1 2 3 29402a0e
0 1 0 4 20eeef00
0 1 1 4 2f4502f9
0 1 2 4 46dfd938
0 1 0 5 e0ff51b6
0 1 1 5 1f9e2c1
0 1 2 5 14984f16
0 1 0 6 df3b4574
0 1 1 6 7234fce2
0 1 2 6 ac39252a
0 1 0 7 16d3b3e9
0 1 1 7 ae98010d
0 1 2 7 11280ca8
0 1 0 8 ff6dff3
0 1 1 8 2b02d0f2
0 1 2 8 45ebdb06
0 1 0 9 c6e035eb
0 1 1 9 24feeac3
0 1 2 9 1ad5121c
0 1 0 10 5004f1d7
0 1 1 10 fd022e44
0 1 2 10 c01d1fe6
0 1 0 11 3eb9cbd0
0 1 1 11 26300c36
0 1 2 11 e1d9f527
0 1 0 12 2efd8f5
0 1 1 12 7239542c
0 1 2 12 56e0b046
0 1 0 13 3af74fc8
0 1 1 13 2b0e2b55
0 1 2 13 179346ee
0 1 0 14 17c4a8b0
0 1 1 14 acbe1e2d
0 1 2 14 9b3c41d9
0 1 0 15 10cea8d1
0 1 1 15 b1dfdf09
0 1 2 15 171919d4
0 1 0 16 74e281b4
0 1 1 16 7742767f
0 1 2 16 7fc69633
0 1 0 17 27ed7fa6
0 1 1 17 7f35364e
0 1 2 17 9815f00
0 1 0 18 a3777f7e
0 1 1 18 2a28b081
0 1 2 18 81346929
0 1 0 19 dfef0bf0
0 1 1 19 ecbb81e6
0 1 2 19 c281c200
0 1 0 20 5fe6c2be
0 1 1 20 81c87d4e
0 1 2 20 6ac6b6d8
0 1 0 21 88fc5cbb
0 1 1 21 3e2a9e81
0 1 2 21 d9d47f7
0 1 0 22 12aedde0
0 1 1 22 544a1019
0 1 2 22 90414c4b
0 1 0 23 ec09eecd
0 1 1 23 7f668cb0
0 1 2 23 30fe04a
0 1 0 24 1909f4f4
0 1 1 24 151f11cd
0 1 2 24 2df3db13
0 1 0 25 12fe3dc9
0 1 1 25 2017f3e8
0 1 2 25 11c521df
0 1 0 26 3c06daf3
0 1 1 26 e3e83441
0 1 2 26 d10b2ce9
0 1 0 27 13ff330c
0 1 1 27 e9cdb912
0 1 2 27 e2eaeaee
0 1 0 28 44f2bed2
0 1 1 28 84902903
0 1 2 28 72dab0b9
0 1 0 29 59e354cb
0 1 1 29 6b163d63
0 1 2 29 149f48f0
0 1 0 30 e13a4437
0 1 1 30 81a8eff4
0 1 2 30 90393bc1
0 1 0 31 286a7f53
0 1 1 31 f818cf33
0 1 2 31 fbf5ea17
0 1 0 32 4ee8c0dc
0 1 1 32 a3a12647
0 1 2 32 40e4cddb
0 1 0 33 c80234d4
0 1 1 33 231ae5c4
0 1 2 33 ac6280d
0 1 0 34 f2cbe7d3
0 1 1 34 f4e1eede
0 1 2 34 b41c3ae1
0 1 0 35 dd403f69
0 1 1 35 5734e3f6
0 1 2 35 30334605
0 0 0 0 ee2047fa
0 0 0 1 53efdd29
0 0 0 2 2490fff0a
0 0 0 3 100201c92
0 0 0 4 19bffe3ea
0 0 0 5 23b6ffe83
0 0 0 6 e43fcb81
0 0 0 7 1de902333
0 0 0 8 1d3700376
0 0 0 9 3d64ffd89
0 0 0 10 2ad1002e4
0 0 0 11 1065fe3cb
0 0 0 12 1b910042b
0 0 0 13 a7b02713
0 0 0 14 2760003fd
0 0 0 15 41eeffdaa
0 0 0 16 ee2047fa
0 0 0 17 53efdd29
0 0 0 18 2490fff0a
0 0 0 19 100201c92
0 0 0 20 19bffe3ea
0 0 0 21 23b6ffe83
0 0 0 22 e43fcb81
0 0 0 23 1de902333
0 0 0 24 1d3700376
0 0 0 25 3d64ffd89
0 0 0 26 2ad1002e4
0 0 0 27 1065fe3cb
0 0 0 28 1b910042b
0 0 0 29 a7b02713
0 0 0 30 2760003fd
0 0 0 31 41eeffdaa
0 0 0 32 b6f038d7
0 0 0 33 7b7fcc53
0 0 0 34 2ae1ffc6a
0 0 0 35 117001168
0 0 0 36 1b0aff549
0 0 0 37 24450012f
0 0 0 38 28bff5bc
0 0 0 39 174a00bb5
0 0 0 40 258e00569
0 0 0 41 4456000df
0 0 0 42 2e1a00338
0 0 0 43 e24ff2e4
0 0 0 44 25680016b
0 0 0 45 edb02478
0 0 0 46 3014003d3
0 0 0 47 5364fffc1
0 0 0 48 b6f038d7
0 0 0 49 7b7fcc53
0 0 0 50 2ae1ffc6a
0 0 0 51 117001168
0 0 0 52 1b0aff549
0 0 0 53 24450012f
0 0 0 54 28bff5bc
0 0 0 55 174a00bb5
0 0 0 56 258e00569
0 0 0 57 4456000df
0 0 0 58 2e1a00338
0 0 0 59 e24ff2e4
0 0 0 60 25680016b
0 0 0 61 edb02478
0 0 0 62 3014003d3
0 0 0 63 5364fffc1
0 0 0 64 de305b7c
0 0 0 65 6a6fc55d
0 0 0 66 2338ffee9
0 0 0 67 12af03017
0 0 0 68 22e0fe6ea
0 0 0 69 1e7600281
0 0 0 70 e79fb79f
0 0 0 71 1f7101a1d
0 0 0 72 1e510056e
0 0 0 73 3685003aa
0 0 0 74 2d2a002d0
0 0 0 75 1142fd3ad
0 0 0 76 1c930033e
0 0 0 77 b9701e7f
0 0 0 78 29c0002c9
0 0 0 79 438d000b6
0 0 0 80 de305b7c
0 0 0 81 6a6fc55d
0 0 0 82 2338ffee9
0 0 0 83 12af03017
0 0 0 84 22e0fe6ea
0 0 0 85 1e7600281
0 0 0 86 e79fb79f
0 0 0 87 1f7101a1d
0 0 0 88 1e510056e
0 0 0 89 3685003aa
0 0 0 90 2d2a002d0
0 0 0 91 1142fd3ad
0 0 0 92 1c930033e
0 0 0 93 b9701e7f
0 0 0 94 29c0002c9
0 0 0 95 438d000b6
0 0 0 96 1037073b2
0 0 0 97 acbf99e6
0 0 0 98 222affcfe
0 0 0 99 c2f02232
0 0 0 100 1976ff262
0 0 0 101 1f53001d4
0 0 0 102 1032fa68c
0 0 0 103 15d800e8f
0 0 0 104 1ca30030f
0 0 0 105 33dc001a0
0 0 0 106 2a98002e4
0 0 0 107 b87fdffa
0 0 0 108 19f500177
0 0 0 109 dcf021bc
0 0 0 110 20e600165
0 0 0 111 3e2bfff6e
0 0 0 112 1037073b2
0 0 0 113 acbf99e6
0 0 0 114 222affcfe
0 0 0 115 c2f02232
0 0 0 116 1976ff262
0 0 0 117 1f53001d4
0 0 0 118 1032fa68c
0 0 0 119 15d800e8f
0 0 0 120 1ca30030f
0 0 0 121 33dc001a0
0 0 0 122 2a98002e4
0 0 0 123 b87fdffa
0 0 0 124 19f500177
0 0 0 125 dcf021bc
0 0 0 126 20e600165
0 0 0 127 3e2bfff6e
1 1 0 0 f70319f7
1 1 1 0 9f9f417
1 1 2 0 f9fc0c04
1 1 3 0 f6d211d5
1 1 0 1 e910eff5
1 1 1 1 dd6f6cd
1 1 2 1 bfd0a0c
1 1 3 1 fa16f916
1 1 0 2 ff05ff12
1 1 1 2 6d0f51c
1 1 2 2 19fde748
1 1 3 2 e83be522
1 1 0 3 81bd36c9
1 1 1 3 e603f6dd
1 1 2 3 5d80418
1 1 3 3 f9fc0be4
1 1 0 4 f712061a
1 1 1 4 bfee225
1 1 2 4 f0324f8
1 1 3 4 ecea0bd2
1 1 0 5 2dc20ee9
1 1 1 5 3f8e80c
1 1 2 5 e30103fb
1 1 3 5 f6ea2c
1 1 0 6 fcea05c4
1 1 1 6 f01dc2f
1 1 2 6 6f610fe
1 1 3 6 d5f0249e
1 1 0 7 f43308f8
1 1 1 7 ff3bf41c
1 1 2 7 fdf90dfc
1 1 3 7 15dc1e03
1 1 0 8 f97a1130
1 1 1 8 6e601ec
1 1 2 8 9fccf61
1 1 3 8 a1cfd41
1 1 0 9 e007dee4
1 1 1 9 e60cf501
1 1 2 9 fddd00ef
1 1 3 9 f1ecfee8
1 1 0 10 b2af1bf0
1 1 1 10 1001a457
1 1 2 10 f00130f0
1 1 3 10 190e0709
1 1 0 11 daa50ff9
1 1 1 11 4f70c07
1 1 2 11 f205fd08
1 1 3 11 fae932c8
1 1 0 12 1033fa3c
1 1 1 12 30bf92b
1 1 2 12 f4ff0f00
1 1 3 12 e95134ae
1 1 0 13 4f027e3
1 1 1 13 727d528
1 1 2 13 8000916
1 1 3 13 f9f703fb
1 1 0 14 f70be21b
1 1 1 14 f1221ed3
1 1 2 14 120c273d
1 1 3 14 ddeb1e34
1 1 0 15 bec81e12
1 1 1 15 fefdf8e9
1 1 2 15 1e6fbf5
1 1 3 15 ff2c1501
1 1 0 16 81ac22d0
1 1 1 16 3f9bd41
1 1 2 16 f0647d2
1 1 3 16 f9f51507
1 1 0 17 7d6280a
1 1 1 17 3e2fc2f
1 1 2 17 1b0309fc
1 1 3 17 c0a11dd
1 1 0 18 809e216
1 1 1 18 9fafd0d
1 1 2 18 e4f70af1
1 1 3 18 202cb409
1 1 0 19 f925e619
1 1 1 19 dd03f8b2
1 1 2 19 de07ecf5
1 1 3 19 130eb642
1 1 0 20 fa7ff137
1 1 1 20 1716ffef
1 1 2 20 dfcd42cc
1 1 3 20 b440315
1 1 0 21 84d70dbe
1 1 1 21 c50ceb26
1 1 2 21 ffe10203
1 1 3 21 eff513f4
1 1 0 22 8e9fd1c
1 1 1 22 f8fb39b5
1 1 2 22 130712fe
1 1 3 22 ce9f6e1
1 1 0 23 681ed0d
1 1 1 23 f7f637ba
1 1 2 23 da01fb01
1 1 3 23 1cf5b975
1 1 0 24 d3fa35b1
1 1 1 24 513df4b
1 1 2 24 470133ce
1 1 3 24 2168ac46
1 1 0 25 fbbefaee
1 1 1 25 67ff16b
1 1 2 25 bcf8fee7
1 1 3 25 17da0714
1 1 0 26 142e0726
1 1 1 26 f66108d1
1 1 2 26 25d2e134
1 1 3 26 537ef33
1 1 0 27 f416b1eb
1 1 1 27 290de048
1 1 2 27 10c5fe22
1 1 3 27 a3af10d
1 1 0 28 e1c320b7
1 1 1 28 edfe7981
1 1 2 28 deff1deb
1 1 3 28 34f4ec29
1 1 0 29 ddc7e7be
1 1 1 29 d92f6886
1 1 2 29 18ffff04
1 1 3 29 cee14bc1
1 1 0 30 1e36d83c
1 1 1 30 16fdc336
1 1 2 30 a0228df
1 1 3 30 2760c53e
1 1 0 31 1dd827ce
1 1 1 31 f4ca1fdf
1 1 2 31 cffd02f9
1 1 3 31 f0c819b1
1 1 0 32 50815c8
1 1 1 32 8571d1d
1 1 2 32 dfab37f
1 1 3 32 3e71f31
1 1 0 33 f39ff914
1 1 1 33 eaf0f415
1 1 2 33 f1c805d5
1 1 3 33 88dfa10
1 1 0 34 b0bf35b3
1 1 1 34 f203518f
1 1 2 34 1e010ef3
1 1 3 34 ea06f318
1 1 0 35 e6c2f317
1 1 1 35 e82949b6
1 1 2 35 7f0203f9
1 1 3 35 7180ce2
1 1 0 36 18ffc828
1 1 1 36 f9fe1fd4
1 1 2 36 1cfd0be8
1 1 3 36 3f31a25
1 1 0 37 5ebda15
1 1 1 37 d55ee9ee
1 1 2 37 e8010bf2
1 1 3 37 be9956c
1 1 0 38 121de414
1 1 1 38 f416eae5
1 1 2 38 edd7ebce
1 1 3 38 ff01211d
1 1 0 39 8fce23a6
1 1 1 39 6109ea29
1 1 2 39 5ed0dfc
1 1 3 39 131c020c
1 1 0 40 ff0a32f4
1 1 1 40 6ffeb19
1 1 2 40 ff00e80f
1 1 3 40 2e015b5
1 1 0 41 fbf81f18
1 1 1 41 2648984f
1 1 2 41 d7fe01fa
1 1 3 41 4112a57f
1 1 0 42 e1f121d1
1 1 1 42 f10342a1
1 1 2 42 7f0136c7
1 1 3 42 f4f12821
1 1 0 43 e7c021df
1 1 1 43 231ef562
1 1 2 43 c2040ce2
1 1 3 43 fee0e23
1 1 0 44 e3fc1ea9
1 1 1 44 f1690f2d
1 1 2 44 f7f45da2
1 1 3 44 2826086a
1 1 0 45 13f4df09
1 1 1 45 7806f639
1 1 2 45 f8e1f415
1 1 3 45 9bff0f6
1 1 0 46 ebec37b3
1 1 1 46 400e72a
1 1 2 46 2000f800
1 1 3 46 d101804
1 1 0 47 fbceeee8
1 1 1 47 135bb34a
1 1 2 47 e7fd0208
1 1 3 47 c8fd3fc6
1 1 0 48 60c0913
1 1 1 48 e5135381
1 1 2 48 23fe25ec
1 1 3 48 efd7213a
1 1 0 49 1a06f3e7
1 1 1 49 bd44eb5
1 1 2 49 de041adf
1 1 3 49 dac07a81
1 1 0 50 af4f9e8
1 1 1 50 17efe93d
1 1 2 50 20edf247
1 1 3 50 fb022134
1 1 0 51 e6cdf106
1 1 1 51 d5f207ef
1 1 2 51 9ddf901
1 1 3 51 fefff609
1 1 0 52 e1fd33ca
1 1 1 52 5fdec2b
1 1 2 52 f1ffe406
1 1 3 52 f9e6e44b
1 1 0 53 20011f3c
1 1 1 53 1c26e049
1 1 2 53 170203f5
1 1 3 53 e0616e0
1 1 0 54 e9fbd118
1 1 1 54 ef0dfb
1 1 2 54 effd0307
1 1 3 54 1b220000
1 1 0 55 ef49e6fa
1 1 1 55 11370c0e
1 1 2 55 cf905f4
1 1 3 55 f7e9ecf6
1 1 0 56 1d40227
1 1 1 56 306150e
1 1 2 56 3e82bf1
1 1 3 56 f3e6eb19
1 1 0 57 cdfbe2f7
1 1 1 57 30cf3f3
1 1 2 57 f2022503
1 1 3 57 1301e3fb
1 1 0 58 fbeff30e
1 1 1 58 fcf508fe
1 1 2 58 2b0b04d4
1 1 3 58 1b3d00
1 1 0 59 1843d307
1 1 1 59 f5e4000e
1 1 2 59 12fefef0
1 1 3 59 f8e91afe
1 1 0 60 f83a13f9
1 1 1 60 fbdb1400
1 1 2 60 f8f80902
1 1 3 60 da62d213
1 1 0 61 11781f7
1 1 1 61 3081300
1 1 2 61 90b12f3
1 1 3 61 fee3ef0b
1 1 0 62 ee1b1e7
1 1 1 62 432a904
1 1 2 62 19c4fffb
1 1 3 62 cf21f01
1 1 0 63 fff2ddff
1 1 1 63 22fcece8
1 1 2 63 ee010704
1 1 3 63 fe03fa0b
1 1 0 64 addfada
1 1 1 64 f7b8ff01
1 1 2 64 7f0200a2
1 1 3 64 f32e3a02
1 1 0 65 afed002
1 1 1 65 d07f108
1 1 2 65 afcfdf8
1 1 3 65 fa151607
1 1 0 66 11c52c02
1 1 1 66 9cbf305
1 1 2 66 fafb02
1 1 3 66 ea4dae21
1 1 0 67 bf4f006
1 1 1 67 1301d3ec
1 1 2 67 1901fdf5
1 1 3 67 1129f2fa
1 1 0 68 ef05d8f5
1 1 1 68 e90de705
1 1 2 68 fc9ed725
1 1 3 68 1e1a1cf5
1 1 0 69 cff3d9cc
1 1 1 69 fd1b06fe
1 1 2 69 6f7f70d
1 1 3 69 3fce401
1 1 0 70 121224ea
1 1 1 70 fbd3fdfe
1 1 2 70 750e03a6
1 1 3 70 d150a08
1 1 0 71 f4de1d09
1 1 1 71 8e3fefe
1 1 2 71 8fe04fb
1 1 3 71 f8fcfd0e
1 1 0 72 4fcc6fc
1 1 1 72 f8fe0609
1 1 2 72 1404ffef
1 1 3 72 f81c07f1
1 1 0 73 125d0f6
1 1 1 73 fa752f02
1 1 2 73 cf0a002c
1 1 3 73 ba2d2f8
1 1 0 74 11cdb9f5
1 1 1 74 270adeec
1 1 2 74 bfa52e6
1 1 3 74 35c9f901
1 1 0 75 cbf8cadb
1 1 1 75 14f1fef7
1 1 2 75 f122fef
1 1 3 75 f603ddf4
1 1 0 76 15d6f2db
1 1 1 76 32ffcfe
1 1 2 76 1cfe01e9
1 1 3 76 faf72a09
1 1 0 77 412e304
1 1 1 77 e132e11f
1 1 2 77 1005fef0
1 1 3 77 2ecd2ced
1 1 0 78 f84c2810
1 1 1 78 f3e70104
1 1 2 78 fd200205
1 1 3 78 6101dd3
1 1 0 79 e3d1a21d
1 1 1 79 fabb21de
1 1 2 79 81140d5f
1 1 3 79 4dbed05
1 1 0 80 fcf2c2dd
1 1 1 80 eb1bcffe
1 1 2 80 5f35cf7
1 1 3 80 3db1dede
1 1 0 81 50fde10
1 1 1 81 bfbefe3c
1 1 2 81 1f140eb
1 1 3 81 fafde306
1 1 0 82 3bd2f5c7
1 1 1 82 251fb05
1 1 2 82 38fc05d8
1 1 3 82 eaed7f13
1 1 0 83 637cbe9
1 1 1 83 f036bc22
1 1 2 83 f2f9fe0e
1 1 3 83 e52e2207
1 1 0 84 7c87fef
1 1 1 84 f1f1f3fd
1 1 2 84 180cfdf2
1 1 3 84 e9e7e3db
1 1 0 85 1adfa70b
1 1 1 85 f8e6c911
1 1 2 85 93080f62
1 1 3 85 fe6820f4
1 1 0 86 61eed0f
1 1 1 86 fdeee4f9
1 1 2 86 17b5ebf7
1 1 3 86 11ffeeec
1 1 0 87 df0b27e9
1 1 1 87 fbe200ff
1 1 2 87 f4321a03
1 1 3 87 f30ce2f1
1 1 0 88 35010fc7
1 1 1 88 ff48fd03
1 1 2 88 90b07ec
1 1 3 88 de416fa
1 1 0 89 7bbfd00
1 1 1 89 f821e315
1 1 2 89 b806063a
1 1 3 89 f40bea0b
1 1 0 90 f9f2f904
1 1 1 90 b16fefc
1 1 2 90 ec03fc15
1 1 3 90 fed7ea0a
1 1 0 91 f30e190f
1 1 1 91 d2b3df0
1 1 2 91 cb130231
1 1 3 91 3b8f4f5
1 1 0 92 c31d1ee
1 1 1 92 121eff2
1 1 2 92 740fef6
1 1 3 92 3d0d34d6
1 1 0 93 c616e8e3
1 1 1 93 9d081244
1 1 2 93 4fc0111
1 1 3 93 ffeeef03
1 1 0 94 fbf232da
1 1 1 94 4ee0600
1 1 2 94 c1fe0037
1 1 3 94 f318fdff
1 1 0 95 ffede3fd
1 1 1 95 b0cdad6
1 1 2 95 1a0200e9
1 1 3 95 2bb512f2
1 1 0 96 7350101
1 1 1 96 fc33f307
1 1 2 96 d71cff24
1 1 3 96 8bbd10a
1 1 0 97 fdde02
1 1 1 97 9b1ce8
1 1 2 97 b511f452
1 1 3 97 eeddef
1 1 0 98 fe3cda0c
1 1 1 98 f4df17f8
1 1 2 98 e32c4215
1 1 3 98 250dbed5
1 1 0 99 fcfae9ec
1 1 1 99 c7e6084f
1 1 2 99 15f93eeb
1 1 3 99 fb04d005
1 1 0 100 17f6f5de
1 1 1 100 ffdd0300
1 1 2 100 d0fc0029
1 1 3 100 d9074c11
1 1 0 101 419c906
1 1 1 101 712f7d0
1 1 2 101 12f3fff1
1 1 3 101 31f0ff6
1 1 0 102 ad532f5
1 1 1 102 536fa00
1 1 2 102 f4fe010b
1 1 3 102 2f9ced02
1 1 0 103 e9e1bd05
1 1 1 103 f6e0dd36
1 1 2 103 cb1f0144
1 1 3 103 c7e12ff
1 1 0 104 1d20f15
1 1 1 104 1accfb06
1 1 2 104 fbde20fc
1 1 3 104 b06c1f1
1 1 0 105 e7f0d4f2
1 1 1 105 38fefec3
1 1 2 105 fb0b1df8
1 1 3 105 3fecd01
1 1 0 106 eb0efdfe
1 1 1 106 7ddfaff
1 1 2 106 cd100128
1 1 3 106 18e11ede
1 1 0 107 7b6ff0d
1 1 1 107 12d1f2da
1 1 2 107 f6080008
1 1 3 107 f010011c
1 1 0 108 cfae1fd
1 1 1 108 fe07fc
1 1 2 108 fcff01fb
1 1 3 108 1c4a0ad0
1 1 0 109 f4ecdd3a
1 1 1 109 13efe818
1 1 2 109 fdfffaf8
1 1 3 109 ee010621
1 1 0 110 27dfdc1a
1 1 1 110 dfc09da
1 1 2 110 e2121f0c
1 1 3 110 12f7042e
1 1 0 111 4fbb3d9
1 1 1 111 16fbfb04
1 1 2 111 f53d25e4
1 1 3 111 17eedf04
1 1 0 112 16f7e51c
1 1 1 112 fb0105fc
1 1 2 112 f104000b
1 1 3 112 1e9ee61d
1 1 0 113 efdae4ec
1 1 1 113 addeb14
1 1 2 113 21fdfe03
1 1 3 113 c291e01
1 1 0 114 fce9db19
1 1 1 114 f7140df3
1 1 2 114 2020503
1 1 3 114 243cd6da
1 1 0 115 ecfc62b
1 1 1 115 1f91406
1 1 2 115 6060701
1 1 3 115 1008070c
1 1 0 116 f4b5bd00
1 1 1 116 fce0d71d
1 1 2 116 fb1617fe
1 1 3 116 1310b13
1 1 0 117 fa24e92f
1 1 1 117 1906fef4
1 1 2 117 2410d0e
1 1 3 117 6e9170b
1 1 0 118 24ecebde
1 1 1 118 e00001f1
1 1 2 118 9ff0606
1 1 3 118 ef9c180f
1 1 0 119 fdddeef
1 1 1 119 16d8f711
1 1 2 119 5fcfcfd
1 1 3 119 fbdcf1e5
1 1 0 120 8022cb3
1 1 1 120 101209fd
1 1 2 120 fff8fa04
1 1 3 120 febd5e8
1 1 0 121 e1df59b
1 1 1 121 f6dce520
1 1 2 121 fc02f70d
1 1 3 121 12fdf9ca
1 1 0 122 faccd42c
1 1 1 122 b09eef8
1 1 2 122 15e7cb0f
1 1 3 122 111e08f1
1 1 0 123 e1f0f50d
1 1 1 123 80908f4
1 1 2 123 13ebf5f9
1 1 3 123 fde102
1 1 0 124 2923f3e4
1 1 1 124 ef0905f8
1 1 2 124 f305080e
1 1 3 124 16e40430
1 1 0 125 fc1204ec
1 1 1 125 1f08f6f6
1 1 2 125 eb060401
1 1 3 125 fe0d0713
1 1 0 126 f0fdfbf9
1 1 1 126 30502ee
1 1 2 126 14fcfffc
1 1 3 126 ccd0f423
1 1 0 127 d4eff21f
1 1 1 127 25e4e56e
1 1 2 127 1ffbfa02
1 1 3 127 f614d90a
1 1 0 128 9b1ae0e
1 1 1 128 fdb9de10
1 1 2 128 1a542201
1 1 3 128 e4dce6fa
1 1 0 129 f81acfe5
1 1 1 129 3c00f801
1 1 2 129 fa2335f5
1 1 3 129 ad8f7e7
1 1 0 130 d55a341c
1 1 1 130 8fc0100
1 1 2 130 e801ff07
1 1 3 130 aa5f313
1 1 0 131 efaaf802
1 1 1 131 1148e8e1
1 1 2 131 27fefeff
1 1 3 131 fc373205
1 1 0 132 21dbd269
1 1 1 132 ec18fadf
1 1 2 132 c3030bfb
1 1 3 132 ae3416a3
1 1 0 133 6d0c21b
1 1 1 133 e10051f1
1 1 2 133 3f050ef3
1 1 3 133 e01f19e3
1 1 0 134 bfb1a827
1 1 1 134 e9a4b954
1 1 2 134 d32836d2
1 1 3 134 f5ffe028
1 1 0 135 605ea2b
1 1 1 135 dd0cf910
1 1 2 135 e57f5ffc
1 1 3 135 f101f605
1 1 0 136 25e0e4b8
1 1 1 136 1806fe04
1 1 2 136 18060402
1 1 3 136 bcb05d2e
1 1 0 137 14d6f3bf
1 1 1 137 2441c1da
1 1 2 137 e0fefe03
1 1 3 137 17dd0623
1 1 0 138 d5ff63db
1 1 1 138 d91b00d8
1 1 2 138 e7ffff01
1 1 3 138 b96b30b9
1 1 0 139 1ae1b097
1 1 1 139 f9ead36c
1 1 2 139 2c0b07fe
1 1 3 139 fb1c1724
1 1 0 140 ffeed915
1 1 1 140 f1fad9df
1 1 2 140 fb01fdfb
1 1 3 140 fd1c1b15
1 1 0 141 fec3b215
1 1 1 141 31fd030b
1 1 2 141 9401106
1 1 3 141 f581ed02
1 1 0 142 dccd7fe
1 1 1 142 15fbffff
1 1 2 142 de0c0501
1 1 3 142 181a4a26
1 1 0 143 1bb10eec
1 1 1 143 1620dbbb
1 1 2 143 89050603
1 1 3 143 f104f7
1 1 0 144 ed0e15fe
1 1 1 144 8fb06f6
1 1 2 144 dffa00fd
1 1 3 144 16eaebfb
1 1 0 145 e8271c25
1 1 1 145 15df0c72
1 1 2 145 1cfb0008
1 1 3 145 fe2ae10c
1 1 0 146 e7d1d3f2
1 1 1 146 fdb3de22
1 1 2 146 151e01f3
1 1 3 146 d940240a
1 1 0 147 e01c5d7
1 1 1 147 930bff0e
1 1 2 147 17edfff4
1 1 3 147 f804fe02
1 1 0 148 fe3229e7
1 1 1 148 1fc0506
1 1 2 148 200ff03
1 1 3 148 7e9f11f
1 1 0 149 fed7e5fc
1 1 1 149 c11ce7ec
1 1 2 149 2c030000
1 1 3 149 eaf20814
1 1 0 150 2702ec46
1 1 1 150 c15fcf7
1 1 2 150 8cff0600
1 1 3 150 26e1b803
1 1 0 151 2919f90c
1 1 1 151 ce087a25
1 1 2 151 40f8faf4
1 1 3 151 f93a0fe0
1 1 0 152 23ebb306
1 1 1 152 f4ccd124
1 1 2 152 f13214f1
1 1 3 152 dbad04c9
1 1 0 153 f420f65c
1 1 1 153 810a0f1d
1 1 2 153 c2b3af6
1 1 3 153 f9f91106
1 1 0 154 ea21f6d6
1 1 1 154 fbfd0607
1 1 2 154 ec030103
1 1 3 154 df0a3026
1 1 0 155 13d207ae
1 1 1 155 c9750dba
1 1 2 155 1500fdfc
1 1 3 155 5042118
1 1 0 156 f8fa3808
1 1 1 156 2421f4fb
1 1 2 156 dcfdfdff
1 1 3 156 3de0cf02
1 1 0 157 5d8d2b6
1 1 1 157 cf8e863
1 1 2 157 2a0004f9
1 1 3 157 2430314f
1 1 0 158 ef40ffd
1 1 1 158 25f7edf4
1 1 2 158 f30114cb
1 1 3 158 f8ebd422
1 1 0 159 f5c1c3ea
1 1 1 159 2afe071e
1 1 2 159 ef3939f9
1 1 3 159 ff019903
1 1 0 160 b6f5db47
1 1 1 160 1fefc09
1 1 2 160 b060302
1 1 3 160 52043f9
1 1 0 161 ee01d0ea
1 1 1 161 968f7c1
1 1 2 161 ed050402
1 1 3 161 fbf2edec
1 1 0 162 e0bf706
1 1 1 162 f6000405
1 1 2 162 fcfbeefd
1 1 3 162 de03f2dd
1 1 0 163 2836070d
1 1 1 163 ddd71520
1 1 2 163 fefdfe04
1 1 3 163 e22f613
1 1 0 164 15f7fe08
1 1 1 164 101170e
1 1 2 164 f1fb0d19
1 1 3 164 4d04150c
1 1 0 165 eb98c8f7
1 1 1 165 70412fc
1 1 2 165 e8f90bf9
1 1 3 165 eaf200e5
1 1 0 166 372a10ca
1 1 1 166 3fa1614
1 1 2 166 c03ea00
1 1 3 166 eafee4c9
1 1 0 167 da0b0df2
1 1 1 167 11bfbe8
1 1 2 167 30dff
1 1 3 167 eb0207e0
1 1 0 168 f7e91f32
1 1 1 168 f9f3f717
1 1 2 168 fc00e901
1 1 3 168 d406ae23
1 1 0 169 2021353c
1 1 1 169 1f03e6b9
1 1 2 169 20bfb00
1 1 3 169 defc0c09
1 1 0 170 6727e2ff
1 1 1 170 ed11180d
1 1 2 170 3110aed
1 1 3 170 3f14fdcd
1 1 0 171 ddf4f225
1 1 1 171 8fa1bf6
1 1 2 171 e5fa05f2
1 1 3 171 e70a0919
1 1 0 172 d0fdf2e0
1 1 1 172 9f1222e
1 1 2 172 600f1fe
1 1 3 172 d51af08a
1 1 0 173 abdae8e3
1 1 1 173 226e8e1
1 1 2 173 1000502
1 1 3 173 fcf0da08
1 1 0 174 3e1e2d0
1 1 1 174 20416
1 1 2 174 100ec05
1 1 3 174 f0fbc149
1 1 0 175 f8cf3350
1 1 1 175 25172126
1 1 2 175 10d00fb
1 1 3 175 ebee1bf9
1 1 0 176 354107f8
1 1 1 176 bf9ee07
1 1 2 176 161bc7f2
1 1 3 176 4f7f3b4
1 1 0 177 d9a3e5ba
1 1 1 177 fbf617f4
1 1 2 177 f2f5dc04
1 1 3 177 69a00d0
1 1 0 178 e90005a1
1 1 1 178 8ff2017
1 1 2 178 d00f3fa
1 1 3 178 fb3d00db
1 1 0 179 d3bbefc2
1 1 1 179 f206ea0d
1 1 2 179 1010604
1 1 3 179 511faf0
1 1 0 180 f2812f9
1 1 1 180 f9ef0416
1 1 2 180 fafd0c
1 1 3 180 21bf5028
1 1 0 181 39701fdf
1 1 1 181 e0f022de
1 1 2 181 9fd1bff
1 1 3 181 e15fed4
1 1 0 182 5cfc080e
1 1 1 182 376700e0
1 1 2 182 dde00006
1 1 3 182 47dd0de9
1 1 0 183 e7d7b2cd
1 1 1 183 507f7fe
1 1 2 183 dfd91313
1 1 3 183 e105f603
1 1 0 184 b112ad9
1 1 1 184 fc0be9f9
1 1 2 184 406e6f9
1 1 3 184 e20302af
1 1 0 185 9a0d24e9
1 1 1 185 f10bc3d0
1 1 2 185 20106fb
1 1 3 185 d70f31d9
1 1 0 186 dee6fd1d
1 1 1 186 ada0c55
1 1 2 186 8fdda08
1 1 3 186 69816430
1 1 0 187 c7fb0137
1 1 1 187 5f4ed591
1 1 2 187 3ff09ff
1 1 3 187 e4faf7f5
1 1 0 188 7866fd29
1 1 1 188 2737082d
1 1 2 188 e9d2041a
1 1 3 188 1f01881
1 1 0 189 fa19fb45
1 1 1 189 fb02efef
1 1 2 189 dbf722e2
1 1 3 189 23ddf7f0
1 1 0 190 f9b3e0ad
1 1 1 190 f901ccfe
1 1 2 190 fffff5fc
1 1 3 190 da191090
1 1 0 191 978c0ca2
1 1 1 191 9fdcc32
1 1 2 191 ff02fcff
1 1 3 191 fd21d406
1 1 0 192 23e1f2bc
1 1 1 192 18f52d42
1 1 2 192 bfede04
1 1 3 192 34d86420
1 1 0 193 9381131f
1 1 1 193 f91b1740
1 1 2 193 fdf41200
1 1 3 193 ec072936
1 1 0 194 1208f0e2
1 1 1 194 53d4e4e7
1 1 2 194 edea08f4
1 1 3 194 215c3e00
1 1 0 195 a22cf7e8
1 1 1 195 f60a09f9
1 1 2 195 eaf4f6fe
1 1 3 195 f022100e
1 1 0 196 f8acf099
1 1 1 196 f9f7e9f9
1 1 2 196 fff9f6ff
1 1 3 196 e32115a7
1 1 0 197 bbe500f0
1 1 1 197 dedc727
1 1 2 197 100e901
1 1 3 197 10f00012
1 1 0 198 f62920fe
1 1 1 198 308ef1f
1 1 2 198 fe00e407
1 1 3 198 1137cb1a
1 1 0 199 f06516e1
1 1 1 199 2a2910ca
1 1 2 199 9040804
1 1 3 199 fd0e04de
1 1 0 200 43211c28
1 1 1 200 1b7f0e19
1 1 2 200 efef13ea
1 1 3 200 17c63b0d
1 1 0 201 ba93ac97
1 1 1 201 dfad2f4
1 1 2 201 e0eae709
1 1 3 201 bdef7c5
1 1 0 202 3d03fed8
1 1 1 202 fa0308fa
1 1 2 202 fd02fcfa
1 1 3 202 fe3e160a
1 1 0 203 c5d5e793
1 1 1 203 3db35858
1 1 2 203 ff010bfc
1 1 3 203 f2052bdd
1 1 0 204 e8fef7fd
1 1 1 204 11fcea2e
1 1 2 204 5ffd1fd
1 1 3 204 df2ebf01
1 1 0 205 afc5ef1a
1 1 1 205 4472d4c7
1 1 2 205 fef007fe
1 1 3 205 927dad9
1 1 0 206 b04f9fe
1 1 1 206 6fbbceb3
1 1 2 206 ce4e825
1 1 3 206 1a2d573b
1 1 0 207 1217f54e
1 1 1 207 410dcf7
1 1 2 207 d7d20efa
1 1 3 207 619070c
1 1 0 208 2c5f3fa
1 1 1 208 fc0500f6
1 1 2 208 fe02f9ff
1 1 3 208 eaf5eccc
1 1 0 209 bfbf07d2
1 1 1 209 62b47f63
1 1 2 209 fe0401
1 1 3 209 e44ec00
1 1 0 210 240beeef
1 1 1 210 cfdec13
1 1 2 210 fff8d2f5
1 1 3 210 c5eff2fc
1 1 0 211 c5b72a2f
1 1 1 211 badef417
1 1 2 211 1f510fc
1 1 3 211 a48f45e
1 1 0 212 e8fa10fc
1 1 1 212 f4f208fd
1 1 2 212 2dadd26
1 1 3 212 19681930
1 1 0 213 d4d503e3
1 1 1 213 91501f9
1 1 2 213 edf70e00
1 1 3 213 d9d4ffdf
1 1 0 214 d1ebdae5
1 1 1 214 ff06fffb
1 1 2 214 30c05
1 1 3 214 fc212bf0
1 1 0 215 d6d10ec4
1 1 1 215 31bf3327
1 1 2 215 2000101
1 1 3 215 f9d0ef12
1 0 0 0 427302a74
1 0 0 1 38dd01aa8
1 0 0 2 2895031d8
1 0 0 3 2da40006a
1 0 0 4 25ba02210
1 0 0 5 585b023da
1 0 0 6 52800abe
1 0 0 7 30ff02e02
1 0 0 8 3bc300adc
1 0 0 9 6f4300af6
1 0 0 10 257402385
1 0 0 11 1205ff7ff
1 0 0 12 16baff8e5
1 0 0 13 377c04202
1 0 0 14 8290019e
1 0 0 15 678c011f8
1 0 0 16 b31013aa
1 0 0 17 5890075e
1 0 0 18 f1800a3e
1 0 0 19 571401557
1 0 0 20 bb3006e7
1 0 0 21 3b1b00644
1 0 0 22 6e84030a6
1 0 0 23 6df1fff04
1 0 0 24 427302a74
1 0 0 25 38dd01aa8
1 0 0 26 2895031d8
1 0 0 27 2da40006a
1 0 0 28 25ba02210
1 0 0 29 585b023da
1 0 0 30 52800abe
1 0 0 31 30ff02e02
1 0 0 32 3bc300adc
1 0 0 33 6f4300af6
1 0 0 34 257402385
1 0 0 35 1205ff7ff
1 0 0 36 16baff8e5
1 0 0 37 377c04202
1 0 0 38 8290019e
1 0 0 39 678c011f8
1 0 0 40 b31013aa
1 0 0 41 5890075e
1 0 0 42 f1800a3e
1 0 0 43 571401557
1 0 0 44 bb3006e7
1 0 0 45 3b1b00644
1 0 0 46 6e84030a6
1 0 0 47 6df1fff04
1 0 0 48 3da80265b
1 0 0 49 37160184f
1 0 0 50 18cf02830
1 0 0 51 40d5004a1
1 0 0 52 e8000cd3
1 0 0 53 46af00dd9
1 0 0 54 3990058a
1 0 0 55 43a9025c5
1 0 0 56 3e2a00edf
1 0 0 57 2fc800513
1 0 0 58 1e4b00f3c
1 0 0 59 15f2ffaf4
1 0 0 60 14dcff378
1 0 0 61 4b57042d8
1 0 0 62 e3700a64
1 0 0 63 37ec00f02
1 0 0 64 1f4003c5
1 0 0 65 62d007c2
1 0 0 66 2fcf02036
1 0 0 67 49100098e
1 0 0 68 16ac00de0
1 0 0 69 284600a94
1 0 0 70 711504527
1 0 0 71 648b00630
1 0 0 72 3da80265b
1 0 0 73 37160184f
1 0 0 74 18cf02830
1 0 0 75 40d5004a1
1 0 0 76 e8000cd3
1 0 0 77 46af00dd9
1 0 0 78 3990058a
1 0 0 79 43a9025c5
1 0 0 80 3e2a00edf
1 0 0 81 2fc800513
1 0 0 82 1e4b00f3c
1 0 0 83 15f2ffaf4
1 0 0 84 14dcff378
1 0 0 85 4b57042d8
1 0 0 86 e3700a64
1 0 0 87 37ec00f02
1 0 0 88 1f4003c5
1 0 0 89 62d007c2
1 0 0 90 2fcf02036
1 0 0 91 49100098e
1 0 0 92 16ac00de0
1 0 0 93 284600a94
1 0 0 94 711504527
1 0 0 95 648b00630
1 0 0 96 5e5301172
1 0 0 97 3afe0152e
1 0 0 98 25fe03253
1 0 0 99 2474005a5
1 0 0 100 280a01fac
1 0 0 101 52c2007fe
1 0 0 102 96e00fe8
1 0 0 103 4912025e4
1 0 0 104 3d8d01e5c
1 0 0 105 a0bc01001
1 0 0 106 1d990186a
1 0 0 107 2334fecd8
1 0 0 108 1694ffc12
1 0 0 109 329602e5e
1 0 0 110 61e00e3a
1 0 0 111 33590097f
1 0 0 112 25f4030f1
1 0 0 113 792004da
1 0 0 114 18d80138e
1 0 0 115 3da60169e
1 0 0 116 110200afb
1 0 0 117 43c80055e
1 0 0 118 80c60383e
1 0 0 119 480a002ad
1 0 0 120 5e5301172
1 0 0 121 3afe0152e
1 0 0 122 25fe03253
1 0 0 123 2474005a5
1 0 0 124 280a01fac
1 0 0 125 52c2007fe
1 0 0 126 96e00fe8
1 0 0 127 4912025e4
1 0 0 128 3d8d01e5c
1 0 0 129 a0bc01001
1 0 0 130 1d990186a
1 0 0 131 2334fecd8
1 0 0 132 1694ffc12
1 0 0 133 329602e5e
1 0 0 134 61e00e3a
1 0 0 135 33590097f
1 0 0 136 25f4030f1
1 0 0 137 792004da
1 0 0 138 18d80138e
1 0 0 139 3da60169e
1 0 0 140 110200afb
1 0 0 141 43c80055e
1 0 0 142 80c60383e
1 0 0 143 480a002ad
1 0 0 144 4843030b9
1 0 0 145 33c200e4b
1 0 0 146 1f3903a16
1 0 0 147 265affbb9
1 0 0 148 133f0195c
1 0 0 149 57b602964
1 0 0 150 5e40085e
1 0 0 151 2c3701983
1 0 0 152 230f00c0b
1 0 0 153 73b000bef
1 0 0 154 25d301b49
1 0 0 155 fb4ff6d3
1 0 0 156 11e3ffcba
1 0 0 157 2bff028b1
1 0 0 158 a3400c8d
1 0 0 159 78dd00f34
1 0 0 160 97e0109a
1 0 0 161 2b1006cf
1 0 0 162 e9000c82
1 0 0 163 3c6500440
1 0 0 164 d4f006db
1 0 0 165 2bea01146
1 0 0 166 5852039a2
1 0 0 167 3901ffe97
1 0 0 168 4843030b9
1 0 0 169 33c200e4b
1 0 0 170 1f3903a16
1 0 0 171 265affbb9
1 0 0 172 133f0195c
1 0 0 173 57b602964
1 0 0 174 5e40085e
1 0 0 175 2c3701983
1 0 0 176 230f00c0b
1 0 0 177 73b000bef
1 0 0 178 25d301b49
1 0 0 179 fb4ff6d3
1 0 0 180 11e3ffcba
1 0 0 181 2bff028b1
1 0 0 182 a3400c8d
1 0 0 183 78dd00f34
1 0 0 184 97e0109a
1 0 0 185 2b1006cf
1 0 0 186 e9000c82
1 0 0 187 3c6500440
1 0 0 188 d4f006db
1 0 0 189 2bea01146
1 0 0 190 5852039a2
1 0 0 191 3901ffe97
2 1 0 0 70af50a
2 1 0 1 ec13f9eb
2 1 0 2 fb06fcaa
2 1 0 3 19fa13
2 1 0 4 7f81fafb
2 1 0 5 3115f5b9
2 1 0 6 80a0101
2 1 0 7 f6127fd5
2 1 0 8 f00bf281
2 1 0 9 c303f2f9
2 1 0 10 f1e9ecec
2 1 0 11 3503f002
2 1 0 12 c4dd4ff4
2 1 0 13 a67f7f7f
2 1 0 14 7fece2a5
2 1 0 15 d1f7edfa
2 1 0 16 ee07ecf0
2 1 0 17 2df9f3fa
2 1 0 18 16079f09
2 1 0 19 1505c3fb
2 1 0 20 fdff69fe
2 1 0 21 f8eeb00b
2 1 0 22 7fc00d7f
2 1 0 23 227f7f02
2 1 0 24 ef53af7
2 1 0 25 13f36809
2 1 0 26 f5f6b5fb
2 1 0 27 3b06dd3d
2 1 0 28 4412087d
2 1 0 29 55f51ae8
2 1 0 30 7faa73c
2 1 0 31 7ff07f60
2 1 0 32 587f31ee
2 1 0 33 cfdba3c
2 1 0 34 37f6097f
2 1 0 35 3afcd9fc
2 1 0 36 e0002b6
2 1 0 37 64fbf4bf
2 1 0 38 30003bf
2 1 0 39 e5f802f3
2 1 0 40 df2047f
2 1 0 41 d400fff8
2 1 0 42 ffd8f69e
2 1 0 43 187f7fdc
2 1 0 44 7fdef09a
2 1 0 45 901ff3b
2 1 0 46 324fe3c
2 1 0 47 e109fa81
2 1 0 48 13e0f30b
2 1 0 49 7f817f8b
2 1 0 50 ab45ff6f
2 1 0 51 100dfecc
2 1 0 52 103001e9
2 1 0 53 318fb58
2 0 0 0 eb008ec
2 0 0 1 117dfed3c
2 0 0 2 29a502cca
2 0 0 3 1026ffd4d
2 0 0 4 ddc0342c
2 0 0 5 5e7ff448
2 0 0 6 648cff2cd
2 0 0 7 86302921
2 0 0 8 10b6001b6
2 0 0 9 40d00bc8
2 0 0 10 1523ffb34
2 0 0 11 f16003a6
2 0 0 12 1932fdf66
2 0 0 13 ad300d00
2 0 0 14 66e0000a0
2 0 0 15 99bfe8e3
2 0 0 16 36e0103a
2 0 0 17 ab36fb4a4
2 0 0 18 55d1009f6
2 0 0 19 4deffc3a
2 0 0 20 6a0800090
2 0 0 21 a33ffa2d
2 0 0 22 f2f011d2
2 0 0 23 7ec008c5
2 0 0 24 eb008ec
2 0 0 25 117dfed3c
2 0 0 26 29a502cca
2 0 0 27 1026ffd4d
2 0 0 28 ddc0342c
2 0 0 29 5e7ff448
2 0 0 30 648cff2cd
2 0 0 31 86302921
2 0 0 32 10b6001b6
2 0 0 33 40d00bc8
2 0 0 34 1523ffb34
2 0 0 35 f16003a6
2 0 0 36 1932fdf66
2 0 0 37 ad300d00
2 0 0 38 66e0000a0
2 0 0 39 99bfe8e3
2 0 0 40 36e0103a
2 0 0 41 ab36fb4a4
2 0 0 42 55d1009f6
2 0 0 43 4deffc3a
2 0 0 44 6a0800090
2 0 0 45 a33ffa2d
2 0 0 46 f2f011d2
2 0 0 47 7ec008c5
2 0 0 48 2f802147
2 0 0 49 bb5ff62d
2 0 0 50 366a023b1
2 0 0 51 eb2ffdc7
2 0 0 52 1a97027f9
2 0 0 53 6dbff972
2 0 0 54 a88000814
2 0 0 55 33c00d07
2 0 0 56 a9e00173
2 0 0 57 81300631
2 0 0 58 103001a0d
2 0 0 59 979fff43
2 0 0 60 1927fda25
2 0 0 61 aa70121f
2 0 0 62 57b7fb6eb
2 0 0 63 14b7fd2af
2 0 0 64 1f8c01bff
2 0 0 65 92c7fcbb9
2 0 0 66 1c6c00cad
2 0 0 67 5d800302
2 0 0 68 236d006a1
2 0 0 69 ff5ff509
2 0 0 70 81cffaa1
2 0 0 71 6e902fca
2 0 0 72 2f802147
2 0 0 73 bb5ff62d
2 0 0 74 366a023b1
2 0 0 75 eb2ffdc7
2 0 0 76 1a97027f9
2 0 0 77 6dbff972
2 0 0 78 a88000814
2 0 0 79 33c00d07
2 0 0 80 a9e00173
2 0 0 81 81300631
2 0 0 82 103001a0d
2 0 0 83 979fff43
2 0 0 84 1927fda25
2 0 0 85 aa70121f
2 0 0 86 57b7fb6eb
2 0 0 87 14b7fd2af
2 0 0 88 1f8c01bff
2 0 0 89 92c7fcbb9
2 0 0 90 1c6c00cad
2 0 0 91 5d800302
2 0 0 92 236d006a1
2 0 0 93 ff5ff509
2 0 0 94 81cffaa1
2 0 0 95 6e902fca
2 0 0 96 894041f1
2 0 0 97 cfb001c5
2 0 0 98 237002a02
2 0 0 99 fa70023d
2 0 0 100 be902675
2 0 0 101 407ffd40
2 0 0 102 2cc4ffefa
2 0 0 103 54a019d0
2 0 0 104 a84ff6b2
2 0 0 105 e0ffeb4
2 0 0 106 1a71ffe52
2 0 0 107 5d5005ef
2 0 0 108 1651fe770
2 0 0 109 a7301407
2 0 0 110 8f48f4670
2 0 0 111 11a1fe4c1
2 0 0 112 28202a96
2 0 0 113 82870054b
2 0 0 114 2fb700328
2 0 0 115 46dff9df
2 0 0 116 2d590019e
2 0 0 117 826fffbb
2 0 0 118 ab1ffd2b
2 0 0 119 8c300d5e
2 0 0 120 894041f1
2 0 0 121 cfb001c5
2 0 0 122 237002a02
2 0 0 123 fa70023d
2 0 0 124 be902675
2 0 0 125 407ffd40
2 0 0 126 2cc4ffefa
2 0 0 127 54a019d0
2 0 0 128 a84ff6b2
2 0 0 129 e0ffeb4
2 0 0 130 1a71ffe52
2 0 0 131 5d5005ef
2 0 0 132 1651fe770
2 0 0 133 a7301407
2 0 0 134 8f48f4670
2 0 0 135 11a1fe4c1
2 0 0 136 28202a96
2 0 0 137 82870054b
2 0 0 138 2fb700328
2 0 0 139 46dff9df
2 0 0 140 2d590019e
2 0 0 141 826fffbb
2 0 0 142 ab1ffd2b
2 0 0 143 8c300d5e
2 0 0 144 11202ad6
2 0 0 145 d5fffc7f
2 0 0 146 23da02229
2 0 0 147 134dffdba
2 0 0 148 14080455a
2 0 0 149 468ff328
2 0 0 150 5f8f0054d
2 0 0 151 4f802161
2 0 0 152 1318ff991
2 0 0 153 2e700a7f
2 0 0 154 1370ff722
2 0 0 155 15c2004e0
2 0 0 156 20bcfd881
2 0 0 157 1205013f0
2 0 0 158 5725f981c
2 0 0 159 d25fe2f5
2 0 0 160 eb405dc5
2 0 0 161 11331f83bb
2 0 0 162 428000950
2 0 0 163 6b50089b
2 0 0 164 53f300832
2 0 0 165 b41feea8
2 0 0 166 ca9ffac6
2 0 0 167 b45004f5
2 0 0 168 11202ad6
2 0 0 169 d5fffc7f
2 0 0 170 23da02229
2 0 0 171 134dffdba
2 0 0 172 14080455a
2 0 0 173 468ff328
2 0 0 174 5f8f0054d
2 0 0 175 4f802161
2 0 0 176 1318ff991
2 0 0 177 2e700a7f
2 0 0 178 1370ff722
2 0 0 179 15c2004e0
2 0 0 180 20bcfd881
2 0 0 181 1205013f0
2 0 0 182 5725f981c
2 0 0 183 d25fe2f5
2 0 0 184 eb405dc5
2 0 0 185 11331f83bb
2 0 0 186 428000950
2 0 0 187 6b50089b
2 0 0 188 53f300832
2 0 0 189 b41feea8
2 0 0 190 ca9ffac6
2 0 0 191 b45004f5
3 1 0 0 df03f40d
3 1 0 1 25ecfa81
3 1 0 2 da81bd04
3 1 0 3 9836f426
3 1 0 4 119f2f6
3 1 0 5 9f0e311
3 1 0 6 f316e418
3 1 0 7 cd1cc52c
3 1 0 8 cf313805
3 1 0 9 fffc24cf
3 1 0 10 3bed2126
3 1 0 11 f181faf3
3 1 0 12 f73bf603
3 1 0 13 fb990cfe
3 1 0 14 b0717fe
3 1 0 15 f9fd03f9
3 1 0 16 ad24ed67
3 1 0 17 fe097410
3 1 0 18 cbe002f0
3 1 0 19 ca0d00e0
3 1 0 20 ee07f7e4
3 1 0 21 2ecfd4fe
3 1 0 22 11050607
3 1 0 23 c1d553d4
3 1 0 24 5feea81
3 1 0 25 c4dcfdef
3 1 0 26 eb000532
3 1 0 27 fdf3f718
3 1 0 28 adcbfeef
3 1 0 29 ff77f06
3 1 0 30 e79af008
3 1 0 31 8a172a81
3 1 0 32 4a8e1a0f
3 1 0 33 16d12081
3 1 0 34 1fe70a1d
3 1 0 35 da000058
3 1 0 36 fa7fff08
3 1 0 37 f632fe0d
3 1 0 38 11f8f9fc
3 1 0 39 1ff205ea
3 1 0 40 981c279
3 1 0 41 1107060a
3 1 0 42 a73cea76
3 1 0 43 1f94081
3 1 0 44 f6f709f9
3 1 0 45 19d7febf
3 1 0 46 1e02feeb
3 1 0 47 7f9d231b
3 1 0 48 7e90013
3 1 0 49 ec0b0a05
3 1 0 50 d1190afa
3 1 0 51 d8dbd3eb
3 1 0 52 7dfe6f0
3 1 0 53 160411ea
3 1 0 54 dad8e606
3 1 0 55 fec8332f
3 1 0 56 70cf0d9f
3 1 0 57 25dc10ce
3 1 0 58 dd70703
3 1 0 59 a4fa8ed5
3 1 0 60 eef902f3
3 1 0 61 fefcfd04
3 1 0 62 1000fbfb
3 1 0 63 cff0e7f
3 1 0 64 58dd04c9
3 1 0 65 ffefafe
3 1 0 66 8abd17c4
3 1 0 67 48be0900
3 1 0 68 fb7ff8d8
3 1 0 69 1ee75ebf
3 1 0 70 3eefdff
3 1 0 71 33db01be
3 1 0 72 fb370bff
3 1 0 73 708031e
3 1 0 74 ebfbd6e5
3 1 0 75 27fac77f
3 1 0 76 2d812fb9
3 1 0 77 fe1304ec
3 1 0 78 5f90381
3 1 0 79 f730f1b8
3 1 0 80 112a3526
3 1 0 81 151de812
3 1 0 82 f27f0904
3 1 0 83 23eed1d0
3 1 0 84 f908fbe2
3 1 0 85 4fa1208
3 1 0 86 fdfc0a07
3 1 0 87 ed020d01
3 1 0 88 44e3b2a0
3 1 0 89 303fe
3 1 0 90 e0f0b981
3 1 0 91 cfd10b21
3 1 0 92 f94f171d
3 1 0 93 2cb1175d
3 1 0 94 6160b
3 1 0 95 30d10e0e
3 1 0 96 22fde1db
3 1 0 97 e500c6ee
3 1 0 98 193ab5f9
3 1 0 99 f2dd182c
3 1 0 100 f3e3dde6
3 1 0 101 e51afcdb
3 1 0 102 ecdde2d2
3 1 0 103 daf50cd0
3 1 0 104 dd09277f
3 1 0 105 1f94a23
3 1 0 106 2514e100
3 1 0 107 130c2e0b
3 1 0 108 5cfffea
3 1 0 109 fd8113fe
3 1 0 110 fc067f00
3 1 0 111 1206fee6
3 1 0 112 9ff5e7ad
3 1 0 113 f80a810f
3 1 0 114 28fd43f8
3 1 0 115 fb15a940
3 1 0 116 10ff0ed1
3 1 0 117 531d8190
3 1 0 118 fcf50f04
3 1 0 119 dcd13f71
3 1 0 120 d407ed01
3 1 0 121 818eff8
3 1 0 122 41d52d0a
3 1 0 123 dcbf3ff
3 1 0 124 5a081d11
3 1 0 125 330c191f
3 1 0 126 f0171701
3 1 0 127 6dfbee09
3 1 0 128 d4f08739
3 1 0 129 306e414
3 1 0 130 23160e00
3 1 0 131 d2c6bbe0
3 1 0 132 fffe0000
3 1 0 133 211fd01
3 1 0 134 3f743ff
3 1 0 135 102f721
3 1 0 136 b249bc0f
3 1 0 137 fff111f6
3 1 0 138 dcf0ffff
3 1 0 139 d607e21c
3 1 0 140 ea03fae8
3 1 0 141 5a11f031
3 1 0 142 f381fbff
3 1 0 143 bad3c607
3 0 0 0 1380090c
3 0 0 1 19402006
3 0 0 2 7b0391d
3 0 0 3 197ff57f
3 0 0 4 88ffd97
3 0 0 5 240001f6
3 0 0 6 4500d37
3 0 0 7 dc01622
3 0 0 8 2120044f
3 0 0 9 23014a1
3 0 0 10 32afe68d
3 0 0 11 1070179f
3 0 0 12 1ed0104b
3 0 0 13 114028f6
3 0 0 14 6ccfc587
3 0 0 15 2edffdf0
3 0 0 16 11200723
3 0 0 17 74004c5
3 0 0 18 a600f45
3 0 0 19 a300670
3 0 0 20 21801710
3 0 0 21 12701fd5
3 0 0 22 15e02bc8
3 0 0 23 e100cff
3 0 0 24 1380090c
3 0 0 25 19402006
3 0 0 26 7b0391d
3 0 0 27 197ff57f
3 0 0 28 88ffd97
3 0 0 29 240001f6
3 0 0 30 4500d37
3 0 0 31 dc01622
3 0 0 32 2120044f
3 0 0 33 23014a1
3 0 0 34 32afe68d
3 0 0 35 1070179f
3 0 0 36 1ed0104b
3 0 0 37 114028f6
3 0 0 38 6ccfc587
3 0 0 39 2edffdf0
3 0 0 40 11200723
3 0 0 41 74004c5
3 0 0 42 a600f45
3 0 0 43 a300670
3 0 0 44 21801710
3 0 0 45 12701fd5
3 0 0 46 15e02bc8
3 0 0 47 e100cff
3 0 0 48 185016f9
3 0 0 49 2460195d
3 0 0 50 6903606
3 0 0 51 1c8ff827
3 0 0 52 8c0052a
3 0 0 53 156004b1
3 0 0 54 3000859
3 0 0 55 16d018cb
3 0 0 56 24002474
3 0 0 57 23901bc5
3 0 0 58 2c9ff92c
3 0 0 59 18e018cc
3 0 0 60 2260131c
3 0 0 61 1d50327a
3 0 0 62 63ffab91
3 0 0 63 2d600101
3 0 0 64 3900b78
3 0 0 65 10a005df
3 0 0 66 bf01457
3 0 0 67 12d01cfc
3 0 0 68 31700ad6
3 0 0 69 11401ab8
3 0 0 70 1e4022e7
3 0 0 71 a100af5
3 0 0 72 185016f9
3 0 0 73 2460195d
3 0 0 74 6903606
3 0 0 75 1c8ff827
3 0 0 76 8c0052a
3 0 0 77 156004b1
3 0 0 78 3000859
3 0 0 79 16d018cb
3 0 0 80 24002474
3 0 0 81 23901bc5
3 0 0 82 2c9ff92c
3 0 0 83 18e018cc
3 0 0 84 2260131c
3 0 0 85 1d50327a
3 0 0 86 63ffab91
3 0 0 87 2d600101
3 0 0 88 3900b78
3 0 0 89 10a005df
3 0 0 90 bf01457
3 0 0 91 12d01cfc
3 0 0 92 31700ad6
3 0 0 93 11401ab8
3 0 0 94 1e4022e7
3 0 0 95 a100af5
3 0 0 96 15300f54
3 0 0 97 1f7014a2
3 0 0 98 b0032d1
3 0 0 99 173fee08
3 0 0 100 17500ea4
3 0 0 101 27b01812
3 0 0 102 af01044
3 0 0 103 1e601ed7
3 0 0 104 1f800a8d
3 0 0 105 6500f3f
3 0 0 106 34dffbde
3 0 0 107 25d0186d
3 0 0 108 2410124f
3 0 0 109 144029ed
3 0 0 110 6a9f9958
3 0 0 111 38600b47
3 0 0 112 14101e23
3 0 0 113 eb009fb
3 0 0 114 a201316
3 0 0 115 e301c0d
3 0 0 116 2e9020cf
3 0 0 117 12104320
3 0 0 118 20701693
3 0 0 119 720045f
3 0 0 120 15300f54
3 0 0 121 1f7014a2
3 0 0 122 b0032d1
3 0 0 123 173fee08
3 0 0 124 17500ea4
3 0 0 125 27b01812
3 0 0 126 af01044
3 0 0 127 1e601ed7
3 0 0 128 1f800a8d
3 0 0 129 6500f3f
3 0 0 130 34dffbde
3 0 0 131 25d0186d
3 0 0 132 2410124f
3 0 0 133 144029ed
3 0 0 134 6a9f9958
3 0 0 135 38600b47
3 0 0 136 14101e23
3 0 0 137 eb009fb
3 0 0 138 a201316
3 0 0 139 e301c0d
3 0 0 140 2e9020cf
3 0 0 141 12104320
3 0 0 142 20701693
3 0 0 143 720045f
3 0 0 144 11c011cc
3 0 0 145 1a30456c
3 0 0 146 60017e2
3 0 0 147 1aefeda5
3 0 0 148 830069e
3 0 0 149 2c800890
3 0 0 150 4100ece
3 0 0 151 13801195
3 0 0 152 f70044b
3 0 0 153 9e01c91
3 0 0 154 28effd06
3 0 0 155 ca01255
3 0 0 156 1e700e30
3 0 0 157 14e0244e
3 0 0 158 689fc04f
3 0 0 159 3b5016e3
3 0 0 160 44004c3
3 0 0 161 76fff08
3 0 0 162 71005e9
3 0 0 163 3f019e0
3 0 0 164 2f602cc3
3 0 0 165 1290244e
3 0 0 166 13d01a72
3 0 0 167 a7ffc25
3 0 0 168 11c011cc
3 0 0 169 1a30456c
3 0 0 170 60017e2
3 0 0 171 1aefeda5
3 0 0 172 830069e
3 0 0 173 2c800890
3 0 0 174 4100ece
3 0 0 175 13801195
3 0 0 176 f70044b
3 0 0 177 9e01c91
3 0 0 178 28effd06
3 0 0 179 ca01255
3 0 0 180 1e700e30
3 0 0 181 14e0244e
3 0 0 182 689fc04f
3 0 0 183 3b5016e3
3 0 0 184 44004c3
3 0 0 185 76fff08
3 0 0 186 71005e9
3 0 0 187 3f019e0
3 0 0 188 2f602cc3
3 0 0 189 1290244e
3 0 0 190 13d01a72
3 0 0 191 a7ffc25
4 1 0 0 f7fd1403
4 1 0 1 3808f0fa
4 1 0 2 5106d808
4 1 0 3 e5332f11
4 1 0 4 547fcd81
4 1 0 5 7fc2c1fd
4 1 0 6 f03808ff
4 1 0 7 53f581f8
4 1 0 8 62d7acfe
4 1 0 9 40fe06be
4 1 0 10 7481ef00
4 1 0 11 20bc3f59
4 1 0 12 7f72fdef
4 1 0 13 36aef791
4 1 0 14 5e47f7f
4 1 0 15 65410d5b
4 1 0 16 262401bf
4 1 0 17 ed330fbc
4 1 0 18 3504fec3
4 1 0 19 4d084bc7
4 1 0 20 7f06f9c9
4 1 0 21 3b49f0ee
4 1 0 22 2d7f813e
4 1 0 23 6c146bf4
4 1 0 24 62d81fcd
4 1 0 25 29f825cc
4 1 0 26 4f05fe81
4 1 0 27 1f5af4e
4 1 0 28 41f1dc7f
4 1 0 29 cef13a30
4 1 0 30 30028164
4 1 0 31 187f222a
4 1 0 32 92443718
4 1 0 33 d500de50
4 1 0 34 81dfe361
4 1 0 35 5f04d82e
4 1 0 36 817f1c8
4 1 0 37 23287faf
4 1 0 38 20c0aeb
4 1 0 39 fe3201b7
4 1 0 40 7f1e0f81
4 1 0 41 f0f6fbf5
4 1 0 42 f4ed0305
4 1 0 43 368111c8
4 1 0 44 ffe403e2
4 1 0 45 2110340
4 1 0 46 2df0057f
4 1 0 47 feedf81c
4 1 0 48 d8233602
4 1 0 49 ad81ee30
4 1 0 50 81d13d24
4 1 0 51 d903fbec
4 1 0 52 d1d77feb
4 1 0 53 cde2b2b
4 0 0 0 1158023c1
4 0 0 1 93803a1c
4 0 0 2 e2afb181
4 0 0 3 261cfe6e2
4 0 0 4 14b500bdb
4 0 0 5 567fef58
4 0 0 6 6fdf0247d
4 0 0 7 986fa025
4 0 0 8 7db03072
4 0 0 9 aaf004a6
4 0 0 10 594ff95d
4 0 0 11 18f1fab5c
4 0 0 12 7b2fbfad
4 0 0 13 d1c065a2
4 0 0 14 680ffcb2
4 0 0 15 6d40151b
4 0 0 16 ae70430d
4 0 0 17 6c07fd6b4
4 0 0 18 30c401301
4 0 0 19 d2affc63
4 0 0 20 c40fd0a5
4 0 0 21 ed0fcbff
4 0 0 22 15df093d4
4 0 0 23 dc503b82
4 0 0 24 1158023c1
4 0 0 25 93803a1c
4 0 0 26 e2afb181
4 0 0 27 261cfe6e2
4 0 0 28 14b500bdb
4 0 0 29 567fef58
4 0 0 30 6fdf0247d
4 0 0 31 986fa025
4 0 0 32 7db03072
4 0 0 33 aaf004a6
4 0 0 34 594ff95d
4 0 0 35 18f1fab5c
4 0 0 36 7b2fbfad
4 0 0 37 d1c065a2
4 0 0 38 680ffcb2
4 0 0 39 6d40151b
4 0 0 40 ae70430d
4 0 0 41 6c07fd6b4
4 0 0 42 30c401301
4 0 0 43 d2affc63
4 0 0 44 c40fd0a5
4 0 0 45 ed0fcbff
4 0 0 46 15df093d4
4 0 0 47 dc503b82
4 0 0 48 148203516
4 0 0 49 792038cd
4 0 0 50 223ff6f0a
4 0 0 51 29c5fdd31
4 0 0 52 469400c20
4 0 0 53 74bfec3f
4 0 0 54 855401330
4 0 0 55 2c5fdfa7
4 0 0 56 2ae00633
4 0 0 57 4f500885
4 0 0 58 8c3ff5d4
4 0 0 59 fd0fdb94
4 0 0 60 4b1fdcb5
4 0 0 61 5c604532
4 0 0 62 ad600a8c
4 0 0 63 cd002a2e
4 0 0 64 106c02c74
4 0 0 65 4adcffc80
4 0 0 66 a4d012d9
4 0 0 67 1474fff1b
4 0 0 68 9b2fdb47
4 0 0 69 bd7ff88e
4 0 0 70 10d208308
4 0 0 71 80902cff
4 0 0 72 148203516
4 0 0 73 792038cd
4 0 0 74 223ff6f0a
4 0 0 75 29c5fdd31
4 0 0 76 469400c20
4 0 0 77 74bfec3f
4 0 0 78 855401330
4 0 0 79 2c5fdfa7
4 0 0 80 2ae00633
4 0 0 81 4f500885
4 0 0 82 8c3ff5d4
4 0 0 83 fd0fdb94
4 0 0 84 4b1fdcb5
4 0 0 85 5c604532
4 0 0 86 ad600a8c
4 0 0 87 cd002a2e
4 0 0 88 106c02c74
4 0 0 89 4adcffc80
4 0 0 90 a4d012d9
4 0 0 91 1474fff1b
4 0 0 92 9b2fdb47
4 0 0 93 bd7ff88e
4 0 0 94 10d208308
4 0 0 95 80902cff
4 0 0 96 16a6027ec
4 0 0 97 13ec025d3
4 0 0 98 1549fa20d
4 0 0 99 1a21fe412
4 0 0 100 bdb00276
4 0 0 101 cfafe2ad
4 0 0 102 211c01d61
4 0 0 103 58ffcd0c
4 0 0 104 327017c3
4 0 0 105 d8e007f7
4 0 0 106 9abfec2a
4 0 0 107 609ff9ac
4 0 0 108 7edfca5a
4 0 0 109 e38083cc
4 0 0 110 753ffca3
4 0 0 111 51501549
4 0 0 112 68c044b7
4 0 0 113 4703ffc97
4 0 0 114 1d07017c8
4 0 0 115 e9b0099d
4 0 0 116 5f400317
4 0 0 117 89cfe970
4 0 0 118 15a207ed8
4 0 0 119 aa002c63
4 0 0 120 16a6027ec
4 0 0 121 13ec025d3
4 0 0 122 1549fa20d
4 0 0 123 1a21fe412
4 0 0 124 bdb00276
4 0 0 125 cfafe2ad
4 0 0 126 211c01d61
4 0 0 127 58ffcd0c
4 0 0 128 327017c3
4 0 0 129 d8e007f7
4 0 0 130 9abfec2a
4 0 0 131 609ff9ac
4 0 0 132 7edfca5a
4 0 0 133 e38083cc
4 0 0 134 753ffca3
4 0 0 135 51501549
4 0 0 136 68c044b7
4 0 0 137 4703ffc97
4 0 0 138 1d07017c8
4 0 0 139 e9b0099d
4 0 0 140 5f400317
4 0 0 141 89cfe970
4 0 0 142 15a207ed8
4 0 0 143 aa002c63
4 0 0 144 d11022b5
4 0 0 145 e1406f63
4 0 0 146 1bb8faa2e
4 0 0 147 2efffd5b4
4 0 0 148 24ad00694
4 0 0 149 738fe7d1
4 0 0 150 91bd02c8b
4 0 0 151 a39fe184
4 0 0 152 9090266b
4 0 0 153 79dff9f6
4 0 0 154 97cfe4a7
4 0 0 155 f5efbe96
4 0 0 156 539fefe9
4 0 0 157 110206b96
4 0 0 158 57f00008
4 0 0 159 454020ba
4 0 0 160 e090366d
4 0 0 161 80c5001f9
4 0 0 162 3c91010ed
4 0 0 163 165ffd1d2
4 0 0 164 6c9fe2b0
4 0 0 165 11d2fc82b
4 0 0 166 19bd09f71
4 0 0 167 d170252e
4 0 0 168 d11022b5
4 0 0 169 e1406f63
4 0 0 170 1bb8faa2e
4 0 0 171 2efffd5b4
4 0 0 172 24ad00694
4 0 0 173 738fe7d1
4 0 0 174 91bd02c8b
4 0 0 175 a39fe184
4 0 0 176 9090266b
4 0 0 177 79dff9f6
4 0 0 178 97cfe4a7
4 0 0 179 f5efbe96
4 0 0 180 539fefe9
4 0 0 181 110206b96
4 0 0 182 57f00008
4 0 0 183 454020ba
4 0 0 184 e090366d
4 0 0 185 80c5001f9
4 0 0 186 3c91010ed
4 0 0 187 165ffd1d2
4 0 0 188 6c9fe2b0
4 0 0 189 11d2fc82b
4 0 0 190 19bd09f71
4 0 0 191 d170252e
5 1 0 0 6011181
5 1 0 1 fe0302f9
5 1 0 2 ec0c1a14
5 1 0 3 61b00ad0
5 1 0 4 ead4b86a
5 1 0 5 fcfad2e2
5 1 0 6 82f8e003
5 1 0 7 4919f4c2
5 1 0 8 f51ae47f
5 1 0 9 1720bf
5 1 0 10 9f37fd1
5 1 0 11 7ffa04f8
5 1 0 12 7f7f1811
5 1 0 13 c53c0bde
5 1 0 14 f4df3d0c
5 1 0 15 ce21ed67
5 1 0 16 392fe33d
5 1 0 17 3e3361c
5 1 0 18 6b6e16fb
5 1 0 19 b00dc5c
5 1 0 20 d84fa610
5 1 0 21 f80027ee
5 1 0 22 1611f709
5 1 0 23 f80bdcf9
5 1 0 24 1bece10b
5 1 0 25 fbe103f4
5 1 0 26 b710d1a
5 1 0 27 1df9d5e2
5 1 0 28 3e0b85ca
5 1 0 29 ee7f8112
5 1 0 30 5dffc2e6
5 1 0 31 c71023c9
5 1 0 32 ddf7ab52
5 1 0 33 c6d91ec5
5 1 0 34 c8ed47f4
5 1 0 35 ce8fb01
5 1 0 36 45416ee
5 1 0 37 b0070310
5 1 0 38 121a07fd
5 1 0 39 7a0c1a03
5 1 0 40 fcff0c9
5 1 0 41 b7bed781
5 1 0 42 f01910eb
5 1 0 43 deaf2d81
5 1 0 44 34d94007
5 1 0 45 f4160bfd
5 1 0 46 22c1f6f9
5 1 0 47 30f907f4
5 1 0 48 3d81202
5 1 0 49 af30004
5 1 0 50 a1d817eb
5 1 0 51 e4ef061c
5 1 0 52 1fef082a
5 1 0 53 dce9e7e4
5 1 0 54 2906ec69
5 1 0 55 2aa127fd
5 1 0 56 11b02ea0
5 1 0 57 e8d2a5e5
5 1 0 58 f70c11ae
5 1 0 59 f800fff8
5 1 0 60 50c11d08
5 1 0 61 103bf801
5 1 0 62 cc21011
5 1 0 63 c0bb01fc
5 1 0 64 14cf39ed
5 1 0 65 31befbda
5 1 0 66 7f190938
5 1 0 67 40953548
5 1 0 68 10e5d
5 1 0 69 e4fcd6e6
5 1 0 70 2f7fa1b
5 1 0 71 61fb1b25
5 1 0 72 fd070303
5 1 0 73 3f4ff03
5 1 0 74 2fda642f
5 1 0 75 fadbfc1f
5 1 0 76 79d205eb
5 1 0 77 1d3dede6
5 1 0 78 2915e7d7
5 1 0 79 e01c0ce6
5 1 0 80 15f22538
5 1 0 81 81d3f710
5 1 0 82 2504d7ea
5 1 0 83 b081901
5 1 0 84 7bd0c9e
5 1 0 85 ea217f35
5 1 0 86 a290ce7
5 1 0 87 4fcbf3f6
5 1 0 88 3a1014f3
5 1 0 89 5ce308d3
5 1 0 90 ede409a0
5 1 0 91 46f208fb
5 1 0 92 3f81d830
5 1 0 93 c842e2d4
5 1 0 94 fcf481ea
5 1 0 95 ff061824
5 1 0 96 1710e415
5 1 0 97 f20c7f05
5 1 0 98 812ca58d
5 1 0 99 29ded0f8
5 1 0 100 e000d240
5 1 0 101 691bf720
5 1 0 102 d913fee4
5 1 0 103 e27f4058
5 1 0 104 150c160d
5 1 0 105 eb39e407
5 1 0 106 d81a04d3
5 1 0 107 f0ee09ee
5 1 0 108 e81ddb39
5 1 0 109 46081d54
5 1 0 110 c212811e
5 1 0 111 b8ecf47f
5 1 0 112 d90cdd7f
5 1 0 113 e8d4fa16
5 1 0 114 2aeefb46
5 1 0 115 8504b6d8
5 1 0 116 87e312eb
5 1 0 117 234be024
5 1 0 118 7e8141b
5 1 0 119 e302f279
5 1 0 120 98ee18f4
5 1 0 121 5f60402
5 1 0 122 14041d09
5 1 0 123 7fffaf06
5 1 0 124 19fa4f7f
5 1 0 125 124dc3f6
5 1 0 126 18eff381
5 1 0 127 1b16d604
5 1 0 128 9ad1e3ee
5 1 0 129 f9f8fdfc
5 1 0 130 c1f2fd12
5 1 0 131 2002016
5 1 0 132 b1e4c1e
5 1 0 133 f3f9ddd2
5 1 0 134 f6dceb17
5 1 0 135 7725fe03
5 1 0 136 f3f9fe2b
5 1 0 137 b5a5e0f7
5 1 0 138 110a1714
5 1 0 139 4aef2444
5 1 0 140 47b50e6c
5 1 0 141 7ffdd908
5 1 0 142 12cf0806
5 1 0 143 7f15321e
5 0 0 0 ad001ab
5 0 0 1 411ff1d0
5 0 0 2 6002249
5 0 0 3 1a0ff0b8
5 0 0 4 155feda3
5 0 0 5 1080094a
5 0 0 6 2bff8ad
5 0 0 7 14affdf0
5 0 0 8 112008ac
5 0 0 9 1b5027c2
5 0 0 10 14001187
5 0 0 11 43500333
5 0 0 12 7300636
5 0 0 13 6e0036f
5 0 0 14 22bffe5c
5 0 0 15 108ffd0c
5 0 0 16 148ff838
5 0 0 17 1b80127b
5 0 0 18 1c3ff4eb
5 0 0 19 11600f85
5 0 0 20 e900ef7
5 0 0 21 1fafef07
5 0 0 22 f50124a
5 0 0 23 1a5fe149
5 0 0 24 ad001ab
5 0 0 25 411ff1d0
5 0 0 26 6002249
5 0 0 27 1a0ff0b8
5 0 0 28 155feda3
5 0 0 29 1080094a
5 0 0 30 2bff8ad
5 0 0 31 14affdf0
5 0 0 32 112008ac
5 0 0 33 1b5027c2
5 0 0 34 14001187
5 0 0 35 43500333
5 0 0 36 7300636
5 0 0 37 6e0036f
5 0 0 38 22bffe5c
5 0 0 39 108ffd0c
5 0 0 40 148ff838
5 0 0 41 1b80127b
5 0 0 42 1c3ff4eb
5 0 0 43 11600f85
5 0 0 44 e900ef7
5 0 0 45 1fafef07
5 0 0 46 f50124a
5 0 0 47 1a5fe149
5 0 0 48 1e401322
5 0 0 49 283ff2c8
5 0 0 50 49020e1
5 0 0 51 13eff956
5 0 0 52 e9ff611
5 0 0 53 11f00e93
5 0 0 54 86ffd42
5 0 0 55 14d00972
5 0 0 56 10c004f0
5 0 0 57 298022b5
5 0 0 58 20001ab9
5 0 0 59 488ffc69
5 0 0 60 5400e0c
5 0 0 61 6c00169
5 0 0 62 1ce0039e
5 0 0 63 c200606
5 0 0 64 72fff77
5 0 0 65 41010a5
5 0 0 66 18bfeffb
5 0 0 67 cb003e8
5 0 0 68 11301169
5 0 0 69 251ff1c7
5 0 0 70 10f011b1
5 0 0 71 1b6fe6c1
5 0 0 72 1e401322
5 0 0 73 283ff2c8
5 0 0 74 49020e1
5 0 0 75 13eff956
5 0 0 76 e9ff611
5 0 0 77 11f00e93
5 0 0 78 86ffd42
5 0 0 79 14d00972
5 0 0 80 10c004f0
5 0 0 81 298022b5
5 0 0 82 20001ab9
5 0 0 83 488ffc69
5 0 0 84 5400e0c
5 0 0 85 6c00169
5 0 0 86 1ce0039e
5 0 0 87 c200606
5 0 0 88 72fff77
5 0 0 89 41010a5
5 0 0 90 18bfeffb
5 0 0 91 cb003e8
5 0 0 92 11301169
5 0 0 93 251ff1c7
5 0 0 94 10f011b1
5 0 0 95 1b6fe6c1
5 0 0 96 1b60164d
5 0 0 97 445ff526
5 0 0 98 7b02a1a
5 0 0 99 c4ffb49
5 0 0 100 1cafe6c4
5 0 0 101 e900b53
5 0 0 102 c9004e0
5 0 0 103 fd0031c
5 0 0 104 10b00614
5 0 0 105 16302231
5 0 0 106 e500c3f
5 0 0 107 443ffa10
5 0 0 108 5e00802
5 0 0 109 6bffc6f
5 0 0 110 17300959
5 0 0 111 dd00ca0
5 0 0 112 16effe59
5 0 0 113 2bc0327b
5 0 0 114 1f0fe725
5 0 0 115 10c003fd
5 0 0 116 f001a23
5 0 0 117 1330114c
5 0 0 118 131026a9
5 0 0 119 23efd338
5 0 0 120 1b60164d
5 0 0 121 445ff526
5 0 0 122 7b02a1a
5 0 0 123 c4ffb49
5 0 0 124 1cafe6c4
5 0 0 125 e900b53
5 0 0 126 c9004e0
5 0 0 127 fd0031c
5 0 0 128 10b00614
5 0 0 129 16302231
5 0 0 130 e500c3f
5 0 0 131 443ffa10
5 0 0 132 5e00802
5 0 0 133 6bffc6f
5 0 0 134 17300959
5 0 0 135 dd00ca0
5 0 0 136 16effe59
5 0 0 137 2bc0327b
5 0 0 138 1f0fe725
5 0 0 139 10c003fd
5 0 0 140 f001a23
5 0 0 141 1330114c
5 0 0 142 131026a9
5 0 0 143 23efd338
5 0 0 144 11900836
5 0 0 145 34bff96d
5 0 0 146 49019c0
5 0 0 147 7a001e9
5 0 0 148 d9ff94b
5 0 0 149 1040107d
5 0 0 150 58ffa55
5 0 0 151 14701560
5 0 0 152 7b002f9
5 0 0 153 2080277d
5 0 0 154 14c013b4
5 0 0 155 469ff9f9
5 0 0 156 6500b77
5 0 0 157 5400367
5 0 0 158 1bf009e9
5 0 0 159 18dffed0
5 0 0 160 13f005d3
5 0 0 161 1e50159b
5 0 0 162 139ff88a
5 0 0 163 e201bc5
5 0 0 164 14700a90
5 0 0 165 1b0ff352
5 0 0 166 a600c06
5 0 0 167 1abfed42
5 0 0 168 11900836
5 0 0 169 34bff96d
5 0 0 170 49019c0
5 0 0 171 7a001e9
5 0 0 172 d9ff94b
5 0 0 173 1040107d
5 0 0 174 58ffa55
5 0 0 175 14701560
5 0 0 176 7b002f9
5 0 0 177 2080277d
5 0 0 178 14c013b4
5 0 0 179 469ff9f9
5 0 0 180 6500b77
5 0 0 181 5400367
5 0 0 182 1bf009e9
5 0 0 183 18dffed0
5 0 0 184 13f005d3
5 0 0 185 1e50159b
5 0 0 186 139ff88a
5 0 0 187 e201bc5
5 0 0 188 14700a90
5 0 0 189 1b0ff352
5 0 0 190 a600c06
5 0 0 191 1abfed42
6 1 0 0 e0f00e06
6 1 0 1 c1ee280b
6 1 0 2 83f60819
6 1 0 3 edde1c62
6 1 0 4 817f7f7f
6 1 0 5 b7fdec0d
6 1 0 6 b2ec0bf7
6 1 0 7 9ddcf8fa
6 1 0 8 fc0d0cf9
6 1 0 9 3424fde0
6 1 0 10 25e90e1c
6 1 0 11 19ebfc14
6 1 0 12 7f612481
6 1 0 13 4ffc813d
6 1 0 14 23b7ff27
6 1 0 15 157fffdc
6 1 0 16 1df81139
6 1 0 17 17980713
6 1 0 18 b62eeafd
6 1 0 19 4f7f5bf1
6 1 0 20 bc400e01
6 1 0 21 c51622fd
6 1 0 22 7f047f7f
6 1 0 23 e02d0ffb
6 1 0 24 b92858f5
6 1 0 25 64fbfa05
6 1 0 26 c508f107
6 1 0 27 ee0307ff
6 1 0 28 1550c4fb
6 1 0 29 1f881f5
6 1 0 30 eb0e1905
6 1 0 31 7f7f4f7f
6 1 0 32 2301c3ec
6 1 0 33 13062706
6 1 0 34 fd84ceb
6 1 0 35 f1fe0f03
6 1 0 36 fbedaefe
6 1 0 37 24c3d507
6 1 0 38 187fb7fd
6 1 0 39 4d3d08b
6 1 0 40 7fcf196d
6 1 0 41 4e0af50b
6 1 0 42 fc33817f
6 1 0 43 eeedba8b
6 1 0 44 15cadfb
6 1 0 45 81141221
6 1 0 46 f70f7ff0
6 1 0 47 85f83b02
6 1 0 48 361b6011
6 1 0 49 5111f181
6 1 0 50 2400ebfe
6 1 0 51 ba2e0afb
6 1 0 52 917f080f
6 1 0 53 a022f425
6 0 0 0 136aff622
6 0 0 1 b56fdbe7
6 0 0 2 1dc200fc2
6 0 0 3 142802e32
6 0 0 4 1762002ee
6 0 0 5 ee902edf
6 0 0 6 5c1dff8b1
6 0 0 7 13e9f4f1f
6 0 0 8 16a701150
6 0 0 9 db6fa845
6 0 0 10 65aff0d8
6 0 0 11 c21fd44b
6 0 0 12 2c54fcc08
6 0 0 13 128f008e5
6 0 0 14 94001ab6
6 0 0 15 ec0fd493
6 0 0 16 329c000d3
6 0 0 17 118d04900
6 0 0 18 1c7efe14b
6 0 0 19 d7dfeee2
6 0 0 20 ea3024b2
6 0 0 21 b2efde1b
6 0 0 22 1673f5bf3
6 0 0 23 d3403d82
6 0 0 24 136aff622
6 0 0 25 b56fdbe7
6 0 0 26 1dc200fc2
6 0 0 27 142802e32
6 0 0 28 1762002ee
6 0 0 29 ee902edf
6 0 0 30 5c1dff8b1
6 0 0 31 13e9f4f1f
6 0 0 32 16a701150
6 0 0 33 db6fa845
6 0 0 34 65aff0d8
6 0 0 35 c21fd44b
6 0 0 36 2c54fcc08
6 0 0 37 128f008e5
6 0 0 38 94001ab6
6 0 0 39 ec0fd493
6 0 0 40 329c000d3
6 0 0 41 118d04900
6 0 0 42 1c7efe14b
6 0 0 43 d7dfeee2
6 0 0 44 ea3024b2
6 0 0 45 b2efde1b
6 0 0 46 1673f5bf3
6 0 0 47 d3403d82
6 0 0 48 1032ff7fa
6 0 0 49 13f5ffbcc
6 0 0 50 3c1e001f5
6 0 0 51 116501db9
6 0 0 52 1e6400e4e
6 0 0 53 d220253a
6 0 0 54 83e000ea3
6 0 0 55 798fc4d1
6 0 0 56 adeffe43
6 0 0 57 16d5fe31f
6 0 0 58 490ff777
6 0 0 59 92bfe4be
6 0 0 60 2f0afbca7
6 0 0 61 ce1010e3
6 0 0 62 a880065e
6 0 0 63 2082fbac3
6 0 0 64 7cf800125
6 0 0 65 add0328c
6 0 0 66 a04fce75
6 0 0 67 197cffb07
6 0 0 68 66e012b6
6 0 0 69 82200770
6 0 0 70 f11fa41e
6 0 0 71 a0803005
6 0 0 72 1032ff7fa
6 0 0 73 13f5ffbcc
6 0 0 74 3c1e001f5
6 0 0 75 116501db9
6 0 0 76 1e6400e4e
6 0 0 77 d220253a
6 0 0 78 83e000ea3
6 0 0 79 798fc4d1
6 0 0 80 adeffe43
6 0 0 81 16d5fe31f
6 0 0 82 490ff777
6 0 0 83 92bfe4be
6 0 0 84 2f0afbca7
6 0 0 85 ce1010e3
6 0 0 86 a880065e
6 0 0 87 2082fbac3
6 0 0 88 7cf800125
6 0 0 89 add0328c
6 0 0 90 a04fce75
6 0 0 91 197cffb07
6 0 0 92 66e012b6
6 0 0 93 82200770
6 0 0 94 f11fa41e
6 0 0 95 a0803005
6 0 0 96 fc2ff629
6 0 0 97 8e7ff10d
6 0 0 98 1ece0013d
6 0 0 99 f8601d83
6 0 0 100 1515004d2
6 0 0 101 11c502c46
6 0 0 102 3db2008b6
6 0 0 103 e5df810a
6 0 0 104 14e3004ff
6 0 0 105 8e1fdae7
6 0 0 106 562ff3c8
6 0 0 107 9affd439
6 0 0 108 2d44fc921
6 0 0 109 1b63006d4
6 0 0 110 a42012d1
6 0 0 111 fa7fcc5e
6 0 0 112 eef00182
6 0 0 113 9e903e17
6 0 0 114 d27ff77f
6 0 0 115 13bfff551
6 0 0 116 f360465c
6 0 0 117 c97fe4b9
6 0 0 118 b35fb49d
6 0 0 119 ac503c15
6 0 0 120 fc2ff629
6 0 0 121 8e7ff10d
6 0 0 122 1ece0013d
6 0 0 123 f8601d83
6 0 0 124 1515004d2
6 0 0 125 11c502c46
6 0 0 126 3db2008b6
6 0 0 127 e5df810a
6 0 0 128 14e3004ff
6 0 0 129 8e1fdae7
6 0 0 130 562ff3c8
6 0 0 131 9affd439
6 0 0 132 2d44fc921
6 0 0 133 1b63006d4
6 0 0 134 a42012d1
6 0 0 135 fa7fcc5e
6 0 0 136 eef00182
6 0 0 137 9e903e17
6 0 0 138 d27ff77f
6 0 0 139 13bfff551
6 0 0 140 f360465c
6 0 0 141 c97fe4b9
6 0 0 142 b35fb49d
6 0 0 143 ac503c15
6 0 0 144 10e2fe589
6 0 0 145 be6fcb29
6 0 0 146 23e90009e
6 0 0 147 c9102eac
6 0 0 148 19d3ffed9
6 0 0 149 8e802b1c
6 0 0 150 3be200726
6 0 0 151 ce9f9d6d
6 0 0 152 1c65006b7
6 0 0 153 111bf8c3c
6 0 0 154 40d0065a
6 0 0 155 f9efd789
6 0 0 156 3063fad72
6 0 0 157 bae0034a
6 0 0 158 6770151b
6 0 0 159 dccfba6e
6 0 0 160 3d2fffeb4
6 0 0 161 b1303dd6
6 0 0 162 dbafcc55
6 0 0 163 118bfc3d1
6 0 0 164 72d014ec
6 0 0 165 e06fde3b
6 0 0 166 1683f7c0a
6 0 0 167 e4f03d35
6 0 0 168 10e2fe589
6 0 0 169 be6fcb29
6 0 0 170 23e90009e
6 0 0 171 c9102eac
6 0 0 172 19d3ffed9
6 0 0 173 8e802b1c
6 0 0 174 3be200726
6 0 0 175 ce9f9d6d
6 0 0 176 1c65006b7
6 0 0 177 111bf8c3c
6 0 0 178 40d0065a
6 0 0 179 f9efd789
6 0 0 180 3063fad72
6 0 0 181 bae0034a
6 0 0 182 6770151b
6 0 0 183 dccfba6e
6 0 0 184 3d2fffeb4
6 0 0 185 b1303dd6
6 0 0 186 dbafcc55
6 0 0 187 118bfc3d1
6 0 0 188 72d014ec
6 0 0 189 e06fde3b
6 0 0 190 1683f7c0a
6 0 0 191 e4f03d35
7 1 0 0 ed0dfc7f
7 1 0 1 f81cdd32
7 1 0 2 7fd6ec0b
7 1 0 3 7ff4f504
7 1 0 4 c3ea1503
7 1 0 5 15d4facb
7 1 0 6 fffe0303
7 1 0 7 d019686f
7 1 0 8 e9f31ff4
7 1 0 9 ff251668
7 1 0 10 fce80ad1
7 1 0 11 e2e432fc
7 1 0 12 4a290c08
7 1 0 13 11502f9
7 1 0 14 f3f9f709
7 1 0 15 811201f2
7 1 0 16 7cd626ee
7 1 0 17 2627b34e
7 1 0 18 7f490e0b
7 1 0 19 d55b1024
7 1 0 20 ff1fd119
7 1 0 21 244222ca
7 1 0 22 3601e501
7 1 0 23 8806a351
7 1 0 24 d3161dd4
7 1 0 25 f6dfe22c
7 1 0 26 1a57f6de
7 1 0 27 e4fdfcfb
7 1 0 28 d64b17e8
7 1 0 29 f5ea8136
7 1 0 30 1eefe
7 1 0 31 ef57f741
7 1 0 32 fd0536fb
7 1 0 33 d5b2b27f
7 1 0 34 22855f9
7 1 0 35 2223b14
7 1 0 36 b01edf8
7 1 0 37 2fb02ef
7 1 0 38 1fffe07
7 1 0 39 e6ed182e
7 1 0 40 f81acf
7 1 0 41 521f17f9
7 1 0 42 6f9f1f9
7 1 0 43 16185233
7 1 0 44 b3110e9
7 1 0 45 ecfd7f2a
7 1 0 46 fbd61914
7 1 0 47 e3b68128
7 1 0 48 10ce7f9
7 1 0 49 7fe882dd
7 1 0 50 5be9fae7
7 1 0 51 32f4f5fc
7 1 0 52 81dce543
7 1 0 53 6dc340a
7 1 0 54 a010af6
7 1 0 55 a9dabde4
7 1 0 56 1e41c80d
7 1 0 57 16f615a6
7 1 0 58 fc330e2e
7 1 0 59 aed7f50e
7 1 0 60 7f1603fe
7 1 0 61 7f070203
7 1 0 62 516f2f2
7 1 0 63 3c617cd
7 1 0 64 131f096a
7 1 0 65 fe48b637
7 1 0 66 3f050c00
7 1 0 67 7f24b242
7 1 0 68 fde7ee03
7 1 0 69 33d54016
7 1 0 70 8112182a
7 1 0 71 209f781
7 1 0 72 e6f60ee3
7 1 0 73 ff4b00d7
7 1 0 74 490b0813
7 1 0 75 100fcfb
7 1 0 76 2005e106
7 1 0 77 fdd2f6fe
7 1 0 78 40401fa
7 1 0 79 52481b3b
7 1 0 80 3bf2fe22
7 1 0 81 1f20e0a
7 1 0 82 180fea27
7 1 0 83 38194417
7 1 0 84 90f051b
7 1 0 85 10dfffd
7 1 0 86 ff810af8
7 1 0 87 2bf7ee0b
7 1 0 88 24d73d07
7 1 0 89 59ffa0f
7 1 0 90 ff13deb4
7 1 0 91 c62d0c1d
7 1 0 92 f60f0d06
7 1 0 93 7de6041c
7 1 0 94 f7efc0dc
7 1 0 95 24b20ade
7 1 0 96 b11917fd
7 1 0 97 edf447f1
7 1 0 98 f2de2efd
7 1 0 99 fffcf7db
7 1 0 100 1a081302
7 1 0 101 e90458fd
7 1 0 102 fbfcfd81
7 1 0 103 272e13e0
7 1 0 104 8104df03
7 1 0 105 a726f7fb
7 1 0 106 8192a2ef
7 1 0 107 d87fe9
7 1 0 108 c41cff8
7 1 0 109 f006defd
7 1 0 110 80a03f8
7 1 0 111 f01c2b00
7 1 0 112 bf4081fc
7 1 0 113 7fca08f1
7 1 0 114 958baf7
7 1 0 115 c6edf403
7 1 0 116 860016f5
7 1 0 117 d10ff202
7 1 0 118 fd21df04
7 1 0 119 be245602
7 1 0 120 210b0d05
7 1 0 121 6ede00f
7 1 0 122 f4f4d4ea
7 1 0 123 708fc09
7 1 0 124 ac160318
7 1 0 125 10500c9
7 1 0 126 1fdfffd
7 1 0 127 85e581e6
7 1 0 128 330736c6
7 1 0 129 ac431e61
7 1 0 130 2ea0e809
7 1 0 131 aab3e01a
7 1 0 132 c414dd08
7 1 0 133 e741fce9
7 1 0 134 505ed02
7 1 0 135 e810071f
7 1 0 136 290c2bdf
7 1 0 137 18f28cad
7 1 0 138 b050f4fc
7 1 0 139 f4f18c90
7 1 0 140 e3252181
7 1 0 141 f4e2f52a
7 1 0 142 4c11725
7 1 0 143 14ed0b32
7 0 0 0 151004b6
7 0 0 1 c8000f1
7 0 0 2 6700a55
7 0 0 3 2f4fdb11
7 0 0 4 29100a6a
7 0 0 5 1330081c
7 0 0 6 44d00e3e
7 0 0 7 fe00814
7 0 0 8 29a00d88
7 0 0 9 2320153e
7 0 0 10 ca01b9f
7 0 0 11 18fffe8b
7 0 0 12 f900301
7 0 0 13 f10004a
7 0 0 14 24b01705
7 0 0 15 1d601893
7 0 0 16 13f017fe
7 0 0 17 12100f2e
7 0 0 18 1fd0010a
7 0 0 19 1cf00d70
7 0 0 20 1cb025be
7 0 0 21 281ffaa2
7 0 0 22 b0011e5
7 0 0 23 16d0297b
7 0 0 24 151004b6
7 0 0 25 c8000f1
7 0 0 26 6700a55
7 0 0 27 2f4fdb11
7 0 0 28 29100a6a
7 0 0 29 1330081c
7 0 0 30 44d00e3e
7 0 0 31 fe00814
7 0 0 32 29a00d88
7 0 0 33 2320153e
7 0 0 34 ca01b9f
7 0 0 35 18fffe8b
7 0 0 36 f900301
7 0 0 37 f10004a
7 0 0 38 24b01705
7 0 0 39 1d601893
7 0 0 40 13f017fe
7 0 0 41 12100f2e
7 0 0 42 1fd0010a
7 0 0 43 1cf00d70
7 0 0 44 1cb025be
7 0 0 45 281ffaa2
7 0 0 46 b0011e5
7 0 0 47 16d0297b
7 0 0 48 1e0ffe7e
7 0 0 49 ce00e61
7 0 0 50 3d00bd8
7 0 0 51 511fdf45
7 0 0 52 1bb00b4f
7 0 0 53 390032cb
7 0 0 54 39c00d6d
7 0 0 55 7f00075
7 0 0 56 2a1ffe04
7 0 0 57 22c00e1c
7 0 0 58 17701b45
7 0 0 59 20701bd3
7 0 0 60 7f00d9d
7 0 0 61 1440021b
7 0 0 62 24a01493
7 0 0 63 20a02a1f
7 0 0 64 c101b17
7 0 0 65 2aaff8ab
7 0 0 66 22300258
7 0 0 67 1e300e0b
7 0 0 68 26e01920
7 0 0 69 1c3ff70b
7 0 0 70 7701071
7 0 0 71 1d003938
7 0 0 72 1e0ffe7e
7 0 0 73 ce00e61
7 0 0 74 3d00bd8
7 0 0 75 511fdf45
7 0 0 76 1bb00b4f
7 0 0 77 390032cb
7 0 0 78 39c00d6d
7 0 0 79 7f00075
7 0 0 80 2a1ffe04
7 0 0 81 22c00e1c
7 0 0 82 17701b45
7 0 0 83 20701bd3
7 0 0 84 7f00d9d
7 0 0 85 1440021b
7 0 0 86 24a01493
7 0 0 87 20a02a1f
7 0 0 88 c101b17
7 0 0 89 2aaff8ab
7 0 0 90 22300258
7 0 0 91 1e300e0b
7 0 0 92 26e01920
7 0 0 93 1c3ff70b
7 0 0 94 7701071
7 0 0 95 1d003938
7 0 0 96 1ccff823
7 0 0 97 14400dc3
7 0 0 98 2400bbc
7 0 0 99 5f1fcf7e
7 0 0 100 258ffdaa
7 0 0 101 1ab01ff7
7 0 0 102 91801ec9
7 0 0 103 e701b89
7 0 0 104 139fffe3
7 0 0 105 16a00a48
7 0 0 106 d500d81
7 0 0 107 15e00aaa
7 0 0 108 dd00995
7 0 0 109 b0003ba
7 0 0 110 1ec01135
7 0 0 111 24e018b2
7 0 0 112 197002b7
7 0 0 113 31501dd9
7 0 0 114 26500efb
7 0 0 115 37e03716
7 0 0 116 23001c23
7 0 0 117 1d7feb33
7 0 0 118 9f00a71
7 0 0 119 14e02690
7 0 0 120 1ccff823
7 0 0 121 14400dc3
7 0 0 122 2400bbc
7 0 0 123 5f1fcf7e
7 0 0 124 258ffdaa
7 0 0 125 1ab01ff7
7 0 0 126 91801ec9
7 0 0 127 e701b89
7 0 0 128 139fffe3
7 0 0 129 16a00a48
7 0 0 130 d500d81
7 0 0 131 15e00aaa
7 0 0 132 dd00995
7 0 0 133 b0003ba
7 0 0 134 1ec01135
7 0 0 135 24e018b2
7 0 0 136 197002b7
7 0 0 137 31501dd9
7 0 0 138 26500efb
7 0 0 139 37e03716
7 0 0 140 23001c23
7 0 0 141 1d7feb33
7 0 0 142 9f00a71
7 0 0 143 14e02690
7 0 0 144 1a5ffd3f
7 0 0 145 12000345
7 0 0 146 4800acc
7 0 0 147 437fcdb6
7 0 0 148 3aa00501
7 0 0 149 1f5012c3
7 0 0 150 43100dd5
7 0 0 151 f901409
7 0 0 152 1bcff674
7 0 0 153 28402d5b
7 0 0 154 19b01868
7 0 0 155 1be008d9
7 0 0 156 1b1002d8
7 0 0 157 1d50075d
7 0 0 158 2d102000
7 0 0 159 2c4031e7
7 0 0 160 177011b5
7 0 0 161 1e50039d
7 0 0 162 27100474
7 0 0 163 1c30067b
7 0 0 164 2bd01e0e
7 0 0 165 28d005dc
7 0 0 166 aa002a9
7 0 0 167 183031e9
7 0 0 168 1a5ffd3f
7 0 0 169 12000345
7 0 0 170 4800acc
7 0 0 171 437fcdb6
7 0 0 172 3aa00501
7 0 0 173 1f5012c3
7 0 0 174 43100dd5
7 0 0 175 f901409
7 0 0 176 1bcff674
7 0 0 177 28402d5b
7 0 0 178 19b01868
7 0 0 179 1be008d9
7 0 0 180 1b1002d8
7 0 0 181 1d50075d
7 0 0 182 2d102000
7 0 0 183 2c4031e7
7 0 0 184 177011b5
7 0 0 185 1e50039d
7 0 0 186 27100474
7 0 0 187 1c30067b
7 0 0 188 2bd01e0e
7 0 0 189 28d005dc
7 0 0 190 aa002a9
7 0 0 191 183031e9
8 1 0 0 f4e306fd
8 1 0 1 31391502
8 1 0 2 f6f90aec
8 1 0 3 f6d7008b
8 1 0 4 7f7f3c74
8 1 0 5 fd38eb7f
8 1 0 6 f7cef1fd
8 1 0 7 1b57ff8
8 1 0 8 f5d0f3f2
8 1 0 9 18f70a95
8 1 0 10 349f66cb
8 1 0 11 114e01a9
8 1 0 12 18127fbd
8 1 0 13 817fe36e
8 1 0 14 4944ede
8 1 0 15 9f61781
8 1 0 16 8ea10c4
8 1 0 17 50733b7
8 1 0 18 81150732
8 1 0 19 97a7dd1f
8 1 0 20 bfe1df57
8 1 0 21 ba7f641a
8 1 0 22 26ceab1f
8 1 0 23 a7d9816a
8 1 0 24 c136fd1f
8 1 0 25 c605927f
8 1 0 26 c2038574
8 1 0 27 ec020c09
8 1 0 28 d3e9e009
8 1 0 29 1605d512
8 1 0 30 ce0b1005
8 1 0 31 f85e4d81
8 1 0 32 40118110
8 1 0 33 d03ff07
8 1 0 34 7f812f14
8 1 0 35 dc03f70e
8 1 0 36 182d13b4
8 1 0 37 362d62c0
8 1 0 38 3146fd81
8 1 0 39 1912a8ed
8 1 0 40 5181812b
8 1 0 41 8113b8fe
8 1 0 42 a634c6b8
8 1 0 43 5820aacc
8 1 0 44 302fda9b
8 1 0 45 d84400f0
8 1 0 46 133fa00
8 1 0 47 46ee05f0
8 1 0 48 f63cfb8e
8 1 0 49 b1477f47
8 1 0 50 7fe5f113
8 1 0 51 acea0024
8 1 0 52 c1810b81
8 1 0 53 51d6fae0
8 0 0 0 15ffffb1e
8 0 0 1 d94ffa76
8 0 0 2 169701152
8 0 0 3 93d5ff868
8 0 0 4 6880269a
8 0 0 5 682ff543
8 0 0 6 383e006d6
8 0 0 7 1d3901560
8 0 0 8 545003ff
8 0 0 9 42b0172c
8 0 0 10 1463ffeed
8 0 0 11 62d01f2a
8 0 0 12 33ae0192a
8 0 0 13 2f5402200
8 0 0 14 1ad4fffa8
8 0 0 15 1736fea9e
8 0 0 16 144004c2a
8 0 0 17 74d028ce
8 0 0 18 d80004b8
8 0 0 19 d9bfe9c4
8 0 0 20 9a802967
8 0 0 21 188dff9f1
8 0 0 22 f38014b7
8 0 0 23 f2fffdca
8 0 0 24 15ffffb1e
8 0 0 25 d94ffa76
8 0 0 26 169701152
8 0 0 27 93d5ff868
8 0 0 28 6880269a
8 0 0 29 682ff543
8 0 0 30 383e006d6
8 0 0 31 1d3901560
8 0 0 32 545003ff
8 0 0 33 42b0172c
8 0 0 34 1463ffeed
8 0 0 35 62d01f2a
8 0 0 36 33ae0192a
8 0 0 37 2f5402200
8 0 0 38 1ad4fffa8
8 0 0 39 1736fea9e
8 0 0 40 144004c2a
8 0 0 41 74d028ce
8 0 0 42 d80004b8
8 0 0 43 d9bfe9c4
8 0 0 44 9a802967
8 0 0 45 188dff9f1
8 0 0 46 f38014b7
8 0 0 47 f2fffdca
8 0 0 48 c5b0019e
8 0 0 49 11f4ffd14
8 0 0 50 2240014d5
8 0 0 51 5632ff62a
8 0 0 52 6b001910
8 0 0 53 76cff8d8
8 0 0 54 1bfd009d7
8 0 0 55 108c00f30
8 0 0 56 468001d4
8 0 0 57 aa602807
8 0 0 58 b5b006f7
8 0 0 59 82403eb1
8 0 0 60 36e8027d4
8 0 0 61 29c602631
8 0 0 62 2568ffead
8 0 0 63 1135ff405
8 0 0 64 13da05e7f
8 0 0 65 a8e038e8
8 0 0 66 9e700443
8 0 0 67 11baff73b
8 0 0 68 89a02cc9
8 0 0 69 18a90006f
8 0 0 70 146e01b5e
8 0 0 71 140c006a5
8 0 0 72 c5b0019e
8 0 0 73 11f4ffd14
8 0 0 74 2240014d5
8 0 0 75 5632ff62a
8 0 0 76 6b001910
8 0 0 77 76cff8d8
8 0 0 78 1bfd009d7
8 0 0 79 108c00f30
8 0 0 80 468001d4
8 0 0 81 aa602807
8 0 0 82 b5b006f7
8 0 0 83 82403eb1
8 0 0 84 36e8027d4
8 0 0 85 29c602631
8 0 0 86 2568ffead
8 0 0 87 1135ff405
8 0 0 88 13da05e7f
8 0 0 89 a8e038e8
8 0 0 90 9e700443
8 0 0 91 11baff73b
8 0 0 92 89a02cc9
8 0 0 93 18a90006f
8 0 0 94 146e01b5e
8 0 0 95 140c006a5
8 0 0 96 157200693
8 0 0 97 f4aff949
8 0 0 98 14aa00622
8 0 0 99 708cff27a
8 0 0 100 a2a02c09
8 0 0 101 614fff60
8 0 0 102 17300069d
8 0 0 103 112000dd6
8 0 0 104 48d00173
8 0 0 105 44e01025
8 0 0 106 15db000d2
8 0 0 107 58b01dbe
8 0 0 108 3c3d01f7c
8 0 0 109 26cf024d2
8 0 0 110 2108ffddc
8 0 0 111 fa0ff7fc
8 0 0 112 6340218d
8 0 0 113 4f001462
8 0 0 114 b6300441
8 0 0 115 117bfef54
8 0 0 116 9640218e
8 0 0 117 17f6fedb8
8 0 0 118 13b4013d0
8 0 0 119 b8d00399
8 0 0 120 157200693
8 0 0 121 f4aff949
8 0 0 122 14aa00622
8 0 0 123 708cff27a
8 0 0 124 a2a02c09
8 0 0 125 614fff60
8 0 0 126 17300069d
8 0 0 127 112000dd6
8 0 0 128 48d00173
8 0 0 129 44e01025
8 0 0 130 15db000d2
8 0 0 131 58b01dbe
8 0 0 132 3c3d01f7c
8 0 0 133 26cf024d2
8 0 0 134 2108ffddc
8 0 0 135 fa0ff7fc
8 0 0 136 6340218d
8 0 0 137 4f001462
8 0 0 138 b6300441
8 0 0 139 117bfef54
8 0 0 140 9640218e
8 0 0 141 17f6fedb8
8 0 0 142 13b4013d0
8 0 0 143 b8d00399
8 0 0 144 c720008f
8 0 0 145 eb4ffac7
8 0 0 146 1c790134e
8 0 0 147 7749fee12
8 0 0 148 7f8029d1
8 0 0 149 758ff5ad
8 0 0 150 24c900f22
8 0 0 151 162b011ad
8 0 0 152 96e003b4
8 0 0 153 46701b30
8 0 0 154 10a0ffecc
8 0 0 155 93403b67
8 0 0 156 3b8602030
8 0 0 157 1da401531
8 0 0 158 13cd004fd
8 0 0 159 142cfe8ed
8 0 0 160 e540443a
8 0 0 161 8990382d
8 0 0 162 b14ffe87
8 0 0 163 104cfe382
8 0 0 164 47902955
8 0 0 165 1962000b3
8 0 0 166 fc400623
8 0 0 167 1915ff51d
8 0 0 168 c720008f
8 0 0 169 eb4ffac7
8 0 0 170 1c790134e
8 0 0 171 7749fee12
8 0 0 172 7f8029d1
8 0 0 173 758ff5ad
8 0 0 174 24c900f22
8 0 0 175 162b011ad
8 0 0 176 96e003b4
8 0 0 177 46701b30
8 0 0 178 10a0ffecc
8 0 0 179 93403b67
8 0 0 180 3b8602030
8 0 0 181 1da401531
8 0 0 182 13cd004fd
8 0 0 183 142cfe8ed
8 0 0 184 e540443a
8 0 0 185 8990382d
8 0 0 186 b14ffe87
8 0 0 187 104cfe382
8 0 0 188 47902955
8 0 0 189 1962000b3
8 0 0 190 fc400623
8 0 0 191 1915ff51d
9 1 0 0 32f4077f
9 1 0 1 1ce161f8
9 1 0 2 7f0011f8
9 1 0 3 7f0afffe
9 1 0 4 e2eaea06
9 1 0 5 de6ef1f
9 1 0 6 15f919
9 1 0 7 3f8a11f
9 1 0 8 1ffebb7
9 1 0 9 346626d1
9 1 0 10 e7958104
9 1 0 11 f65dcfe4
9 1 0 12 7f14150a
9 1 0 13 7ff1fe02
9 1 0 14 1ef9f8fd
9 1 0 15 3173301
9 1 0 16 d3621ed4
9 1 0 17 f00125fb
9 1 0 18 241efd07
9 1 0 19 36f057fe
9 1 0 20 26813af4
9 1 0 21 7ff9f724
9 1 0 22 a407ff03
9 1 0 23 7fea02e3
9 1 0 24 f8ffefcc
9 1 0 25 fa1705df
9 1 0 26 efecfbeb
9 1 0 27 603fd11
9 1 0 28 3d070a04
9 1 0 29 14fb7fde
9 1 0 30 81d324bc
9 1 0 31 4bed5085
9 1 0 32 cbbcfc7f
9 1 0 33 7ff11b5a
9 1 0 34 37e7c928
9 1 0 35 560c1487
9 1 0 36 1b0504c2
9 1 0 37 200f500
9 1 0 38 ec040bf6
9 1 0 39 effffee
9 1 0 40 d2e40f7f
9 1 0 41 ef8126fe
9 1 0 42 140c08fe
9 1 0 43 66cf39b9
9 1 0 44 d0f4c8bb
9 1 0 45 3f20dde2
9 1 0 46 f210f714
9 1 0 47 cffe09f5
9 1 0 48 e0d0802
9 1 0 49 2cfd130b
9 1 0 50 f6010ce9
9 1 0 51 1ffdfb08
9 1 0 52 12c4eae9
9 1 0 53 100bc229
9 1 0 54 dfc70213
9 1 0 55 a6ecc3bc
9 1 0 56 7ef5ec26
9 1 0 57 b1e2e5
9 1 0 58 be1249a
9 1 0 59 1a8126c1
9 1 0 60 c2ecdfcd
9 1 0 61 2605fc15
9 1 0 62 af50705
9 1 0 63 170d334d
9 1 0 64 d5b91ead
9 1 0 65 1907fb03
9 1 0 66 ccececf3
9 1 0 67 4e6268e5
9 1 0 68 12e0354f
9 1 0 69 5fe1c09
9 1 0 70 7f16e2ea
9 1 0 71 fc2208fe
9 1 0 72 fafb0ae6
9 1 0 73 fce0206
9 1 0 74 3fef1fe
9 1 0 75 fef604
9 1 0 76 f50503f7
9 1 0 77 effffe9
9 1 0 78 3ce6e6fb
9 1 0 79 3dd9d229
9 1 0 80 460f2022
9 1 0 81 d1201bbe
9 1 0 82 205f3bc
9 1 0 83 b9cbb2fc
9 1 0 84 e6051520
9 1 0 85 2fd1d00
9 1 0 86 5810004
9 1 0 87 8110feff
9 1 0 88 bfef950
9 1 0 89 fd1e08f6
9 1 0 90 f9041e7f
9 1 0 91 a3f515bd
9 1 0 92 f61fd7fa
9 1 0 93 f90ff904
9 1 0 94 fd0819f5
9 1 0 95 e519f3eb
9 1 0 96 dffc0de6
9 1 0 97 f8067fcd
9 1 0 98 6230a15
9 1 0 99 17fa09ff
9 1 0 100 f1fbcc15
9 1 0 101 51fba25
9 1 0 102 e1609a1
9 1 0 103 cbfe8523
9 1 0 104 2fb407fc
9 1 0 105 1a1f08f9
9 1 0 106 40b7d2ee
9 1 0 107 3149d146
9 1 0 108 1020b30
9 1 0 109 b4304ee
9 1 0 110 fbf82c0c
9 1 0 111 416b71c
9 1 0 112 f4d2f047
9 1 0 113 7fd3214
9 1 0 114 f30b01f9
9 1 0 115 d4f9dc52
9 1 0 116 32b6c883
9 1 0 117 690d2800
9 1 0 118 140e03ca
9 1 0 119 f413c614
9 1 0 120 280308d4
9 1 0 121 dd00be9
9 1 0 122 ff27fb08
9 1 0 123 1280302
9 1 0 124 40c107f
9 1 0 125 e00413fc
9 1 0 126 d80e5d
9 1 0 127 c4810fc2
9 1 0 128 2d1f8238
9 1 0 129 c2268edf
9 1 0 130 dd41155c
9 1 0 131 d239d632
9 1 0 132 e0e909e5
9 1 0 133 80c0201
9 1 0 134 500f6f4
9 1 0 135 1813b0ea
9 1 0 136 3348f28
9 1 0 137 10efd2e8
9 1 0 138 f4f603ec
9 1 0 139 f38b2a81
9 1 0 140 41485647
9 1 0 141 e5ec9c06
9 1 0 142 3ec030e
9 1 0 143 dfdd250b
9 0 0 0 52e0044a
9 0 0 1 585ff521
9 0 0 2 2fe00568
9 0 0 3 385ff598
9 0 0 4 393003b7
9 0 0 5 345ffb02
9 0 0 6 c40062e
9 0 0 7 19501142
9 0 0 8 285ffdd3
9 0 0 9 21effbd5
9 0 0 10 1b301046
9 0 0 11 1b900f34
9 0 0 12 366004fc
9 0 0 13 35bff78a
9 0 0 14 33a0020b
9 0 0 15 2ec006d9
9 0 0 16 19700bca
9 0 0 17 94500a8b
9 0 0 18 642003a8
9 0 0 19 1ab0065e
9 0 0 20 14501126
9 0 0 21 36ffff07
9 0 0 22 d9ffe99
9 0 0 23 4e9014db
9 0 0 24 52e0044a
9 0 0 25 585ff521
9 0 0 26 2fe00568
9 0 0 27 385ff598
9 0 0 28 393003b7
9 0 0 29 345ffb02
9 0 0 30 c40062e
9 0 0 31 19501142
9 0 0 32 285ffdd3
9 0 0 33 21effbd5
9 0 0 34 1b301046
9 0 0 35 1b900f34
9 0 0 36 366004fc
9 0 0 37 35bff78a
9 0 0 38 33a0020b
9 0 0 39 2ec006d9
9 0 0 40 19700bca
9 0 0 41 94500a8b
9 0 0 42 642003a8
9 0 0 43 1ab0065e
9 0 0 44 14501126
9 0 0 45 36ffff07
9 0 0 46 d9ffe99
9 0 0 47 4e9014db
9 0 0 48 70200b58
9 0 0 49 388fffeb
9 0 0 50 256ffea0
9 0 0 51 2d4ff431
9 0 0 52 49500317
9 0 0 53 282ffe52
9 0 0 54 2a900cc8
9 0 0 55 1b201f0a
9 0 0 56 3a9ff44e
9 0 0 57 2ee000f6
9 0 0 58 b400495
9 0 0 59 23a00b06
9 0 0 60 27d00cd0
9 0 0 61 2e2ff77e
9 0 0 62 1b60070a
9 0 0 63 342007b1
9 0 0 64 d300d41
9 0 0 65 2bb00ac5
9 0 0 66 3e5005a7
9 0 0 67 20c010db
9 0 0 68 2850055d
9 0 0 69 2eeffdd3
9 0 0 70 32fffdb
9 0 0 71 5690144c
9 0 0 72 70200b58
9 0 0 73 388fffeb
9 0 0 74 256ffea0
9 0 0 75 2d4ff431
9 0 0 76 49500317
9 0 0 77 282ffe52
9 0 0 78 2a900cc8
9 0 0 79 1b201f0a
9 0 0 80 3a9ff44e
9 0 0 81 2ee000f6
9 0 0 82 b400495
9 0 0 83 23a00b06
9 0 0 84 27d00cd0
9 0 0 85 2e2ff77e
9 0 0 86 1b60070a
9 0 0 87 342007b1
9 0 0 88 d300d41
9 0 0 89 2bb00ac5
9 0 0 90 3e5005a7
9 0 0 91 20c010db
9 0 0 92 2850055d
9 0 0 93 2eeffdd3
9 0 0 94 32fffdb
9 0 0 95 5690144c
9 0 0 96 55600b5a
9 0 0 97 3c1ffbfc
9 0 0 98 2bcffcbc
9 0 0 99 2ccff6fc
9 0 0 100 420ff89d
9 0 0 101 318ff407
9 0 0 102 2670038e
9 0 0 103 18200f92
9 0 0 104 239ff69d
9 0 0 105 276ff98e
9 0 0 106 12300608
9 0 0 107 22e006a3
9 0 0 108 3ac005f2
9 0 0 109 355ff420
9 0 0 110 2910050e
9 0 0 111 48c00172
9 0 0 112 1ad00a49
9 0 0 113 a86006a5
9 0 0 114 600fff41
9 0 0 115 1cf00209
9 0 0 116 110003bc
9 0 0 117 2a0ffe2d
9 0 0 118 1adfff8b
9 0 0 119 5f90109c
9 0 0 120 55600b5a
9 0 0 121 3c1ffbfc
9 0 0 122 2bcffcbc
9 0 0 123 2ccff6fc
9 0 0 124 420ff89d
9 0 0 125 318ff407
9 0 0 126 2670038e
9 0 0 127 18200f92
9 0 0 128 239ff69d
9 0 0 129 276ff98e
9 0 0 130 12300608
9 0 0 131 22e006a3
9 0 0 132 3ac005f2
9 0 0 133 355ff420
9 0 0 134 2910050e
9 0 0 135 48c00172
9 0 0 136 1ad00a49
9 0 0 137 a86006a5
9 0 0 138 600fff41
9 0 0 139 1cf00209
9 0 0 140 110003bc
9 0 0 141 2a0ffe2d
9 0 0 142 1adfff8b
9 0 0 143 5f90109c
9 0 0 144 7c7011cb
9 0 0 145 4dbfeaf1
9 0 0 146 33c00357
9 0 0 147 276ff72f
9 0 0 148 43a00045
9 0 0 149 34cffe8e
9 0 0 150 31a00d29
9 0 0 151 2030221b
9 0 0 152 169ff7f4
9 0 0 153 29bffd23
9 0 0 154 131008e0
9 0 0 155 1be010ca
9 0 0 156 2ad00be6
9 0 0 157 2d8ffb06
9 0 0 158 3050040e
9 0 0 159 36a00bc9
9 0 0 160 19c005dc
9 0 0 161 7f00073e
9 0 0 162 5b800b61
9 0 0 163 1e700c2b
9 0 0 164 1c90034d
9 0 0 165 396003cb
9 0 0 166 6a0020b
9 0 0 167 57700f88
9 0 0 168 7c7011cb
9 0 0 169 4dbfeaf1
9 0 0 170 33c00357
9 0 0 171 276ff72f
9 0 0 172 43a00045
9 0 0 173 34cffe8e
9 0 0 174 31a00d29
9 0 0 175 2030221b
9 0 0 176 169ff7f4
9 0 0 177 29bffd23
9 0 0 178 131008e0
9 0 0 179 1be010ca
9 0 0 180 2ad00be6
9 0 0 181 2d8ffb06
9 0 0 182 3050040e
9 0 0 183 36a00bc9
9 0 0 184 19c005dc
9 0 0 185 7f00073e
9 0 0 186 5b800b61
9 0 0 187 1e700c2b
9 0 0 188 1c90034d
9 0 0 189 396003cb
9 0 0 190 6a0020b
9 0 0 191 57700f88
10 1 0 0 ee00070b
10 1 0 1 121309fa
10 1 0 2 7f042c0a
10 1 0 3 e4000226
10 1 0 4 79817f1b
10 1 0 5 6b031db2
10 1 0 6 a204f9dc
10 1 0 7 33faa97f
10 1 0 8 5900d5aa
10 1 0 9 fce2623
10 1 0 10 8132c5b4
10 1 0 11 12000e16
10 1 0 12 cf32ae81
10 1 0 13 9b812738
10 1 0 14 f04d4ab0
10 1 0 15 fc00c231
10 1 0 16 fd4d7f92
10 1 0 17 32b3befe
10 1 0 18 ea03ec16
10 1 0 19 aab16bb
10 1 0 20 6202e3fc
10 1 0 21 57f2de4
10 1 0 22 81d3a81f
10 1 0 23 24077f7a
10 1 0 24 1f7fc29
10 1 0 25 ff28877f
10 1 0 26 fff25b38
10 1 0 27 a10fde2
10 1 0 28 213ffdf3
10 1 0 29 c6798181
10 1 0 30 28f81b21
10 1 0 31 81b0a1a7
10 1 0 32 4b81b5b1
10 1 0 33 c603f5eb
10 1 0 34 3f150db4
10 1 0 35 717fdaf
10 1 0 36 91159e5
10 1 0 37 e8f9a703
10 1 0 38 fce1ffe4
10 1 0 39 e803a7f8
10 1 0 40 2581df4c
10 1 0 41 81e978c2
10 1 0 42 e303fcd4
10 1 0 43 8b057a81
10 1 0 44 14e381b2
10 1 0 45 801faf9
10 1 0 46 f11806f8
10 1 0 47 1607020e
10 1 0 48 b40a1142
10 1 0 49 7f8110dc
10 1 0 50 ca297fdc
10 1 0 51 e6f013df
10 1 0 52 f5e57a7f
10 1 0 53 3efc05e0
10 0 0 0 d680029b
10 0 0 1 b9b00bcf
10 0 0 2 147d04ca2
10 0 0 3 f2cffcf3
10 0 0 4 7fa019a5
10 0 0 5 12c6ffca3
10 0 0 6 83eb0003f
10 0 0 7 bc4020d4
10 0 0 8 800feabb
10 0 0 9 f62fff99
10 0 0 10 19d5ff5fc
10 0 0 11 1554000d4
10 0 0 12 5710262d
10 0 0 13 87d025d9
10 0 0 14 249b00249
10 0 0 15 1d9c005d0
10 0 0 16 a4003b2f
10 0 0 17 176b00711
10 0 0 18 8e30289a
10 0 0 19 a3902068
10 0 0 20 1bd3fe4c6
10 0 0 21 96dff113
10 0 0 22 16dd03c5b
10 0 0 23 13baff687
10 0 0 24 d680029b
10 0 0 25 b9b00bcf
10 0 0 26 147d04ca2
10 0 0 27 f2cffcf3
10 0 0 28 7fa019a5
10 0 0 29 12c6ffca3
10 0 0 30 83eb0003f
10 0 0 31 bc4020d4
10 0 0 32 800feabb
10 0 0 33 f62fff99
10 0 0 34 19d5ff5fc
10 0 0 35 1554000d4
10 0 0 36 5710262d
10 0 0 37 87d025d9
10 0 0 38 249b00249
10 0 0 39 1d9c005d0
10 0 0 40 a4003b2f
10 0 0 41 176b00711
10 0 0 42 8e30289a
10 0 0 43 a3902068
10 0 0 44 1bd3fe4c6
10 0 0 45 96dff113
10 0 0 46 16dd03c5b
10 0 0 47 13baff687
10 0 0 48 ebe001ff
10 0 0 49 d68fffc5
10 0 0 50 14ca04233
10 0 0 51 f95ffc6c
10 0 0 52 b8702a67
10 0 0 53 1702ffaf1
10 0 0 54 645a0002c
10 0 0 55 5ce0168c
10 0 0 56 366fe700
10 0 0 57 1195ffbec
10 0 0 58 1c98ffc59
10 0 0 59 1607000cf
10 0 0 60 3a8025ba
10 0 0 61 5ab02975
10 0 0 62 236effe96
10 0 0 63 2e8d00f12
10 0 0 64 11d00654c
10 0 0 65 1552005ff
10 0 0 66 9a401f96
10 0 0 67 e3d02672
10 0 0 68 1c06ff0e9
10 0 0 69 908ffab9
10 0 0 70 19d703a90
10 0 0 71 124effa44
10 0 0 72 ebe001ff
10 0 0 73 d68fffc5
10 0 0 74 14ca04233
10 0 0 75 f95ffc6c
10 0 0 76 b8702a67
10 0 0 77 1702ffaf1
10 0 0 78 645a0002c
10 0 0 79 5ce0168c
10 0 0 80 366fe700
10 0 0 81 1195ffbec
10 0 0 82 1c98ffc59
10 0 0 83 1607000cf
10 0 0 84 3a8025ba
10 0 0 85 5ab02975
10 0 0 86 236effe96
10 0 0 87 2e8d00f12
10 0 0 88 11d00654c
10 0 0 89 1552005ff
10 0 0 90 9a401f96
10 0 0 91 e3d02672
10 0 0 92 1c06ff0e9
10 0 0 93 908ffab9
10 0 0 94 19d703a90
10 0 0 95 124effa44
10 0 0 96 c0d00199
10 0 0 97 ebe00c36
10 0 0 98 1448040fa
10 0 0 99 11edffe55
10 0 0 100 b8701c43
10 0 0 101 14b9001c3
10 0 0 102 365c00069
10 0 0 103 9190259a
10 0 0 104 df8fe8a4
10 0 0 105 103c000f9
10 0 0 106 18f5ffdbc
10 0 0 107 103d0002e
10 0 0 108 4c802149
10 0 0 109 ab802a62
10 0 0 110 32b20022a
10 0 0 111 1ca1004ee
10 0 0 112 73402ceb
10 0 0 113 df00053c
10 0 0 114 8f702b40
10 0 0 115 692ffa7a
10 0 0 116 11a3ff957
10 0 0 117 925fed39
10 0 0 118 18ed046a2
10 0 0 119 14d2ff326
10 0 0 120 c0d00199
10 0 0 121 ebe00c36
10 0 0 122 1448040fa
10 0 0 123 11edffe55
10 0 0 124 b8701c43
10 0 0 125 14b9001c3
10 0 0 126 365c00069
10 0 0 127 9190259a
10 0 0 128 df8fe8a4
10 0 0 129 103c000f9
10 0 0 130 18f5ffdbc
10 0 0 131 103d0002e
10 0 0 132 4c802149
10 0 0 133 ab802a62
10 0 0 134 32b20022a
10 0 0 135 1ca1004ee
10 0 0 136 73402ceb
10 0 0 137 df00053c
10 0 0 138 8f702b40
10 0 0 139 692ffa7a
10 0 0 140 11a3ff957
10 0 0 141 925fed39
10 0 0 142 18ed046a2
10 0 0 143 14d2ff326
10 0 0 144 c2100310
10 0 0 145 ccb002ae
10 0 0 146 1860040e1
10 0 0 147 156800063
10 0 0 148 951020fc
10 0 0 149 1130ffad2
10 0 0 150 40f6ffff8
10 0 0 151 8260263b
10 0 0 152 ca2fee99
10 0 0 153 fdeff964
10 0 0 154 142100017
10 0 0 155 17a2fff35
10 0 0 156 4bf02738
10 0 0 157 7e6029c7
10 0 0 158 1c5f001e1
10 0 0 159 14410065f
10 0 0 160 ada04098
10 0 0 161 c3c00470
10 0 0 162 8e40233e
10 0 0 163 b9203070
10 0 0 164 f4eff8ef
10 0 0 165 8cdff02e
10 0 0 166 1bbd034c4
10 0 0 167 144cffac6
10 0 0 168 c2100310
10 0 0 169 ccb002ae
10 0 0 170 1860040e1
10 0 0 171 156800063
10 0 0 172 951020fc
10 0 0 173 1130ffad2
10 0 0 174 40f6ffff8
10 0 0 175 8260263b
10 0 0 176 ca2fee99
10 0 0 177 fdeff964
10 0 0 178 142100017
10 0 0 179 17a2fff35
10 0 0 180 4bf02738
10 0 0 181 7e6029c7
10 0 0 182 1c5f001e1
10 0 0 183 14410065f
10 0 0 184 ada04098
10 0 0 185 c3c00470
10 0 0 186 8e40233e
10 0 0 187 b9203070
10 0 0 188 f4eff8ef
10 0 0 189 8cdff02e
10 0 0 190 1bbd034c4
10 0 0 191 144cffac6
11 1 0 0 814dff03
11 1 1 0 81f602dd
11 1 0 1 810b03f8
11 1 1 1 81b901f9
11 1 0 2 8127f414
11 1 1 2 d239dfef
11 1 0 3 8126ed0b
11 1 1 3 81fe02ff
11 1 0 4 81b9fd01
11 1 1 4 811df708
11 1 0 5 60d03fe
11 1 1 5 fb0101fe
11 1 0 6 81f131fa
11 1 1 6 8118f641
11 1 0 7 2c20702
11 1 1 7 c5b925da
11 1 0 8 8fe0101
11 1 1 8 e8eef417
11 1 0 9 fe00faf4
11 1 1 9 f801faf6
11 1 0 10 21fc010e
11 1 1 10 e905095a
11 1 0 11 e6f61703
11 1 1 11 e9fb0801
11 1 0 12 fefffff6
11 1 1 12 f1d8e957
11 1 0 13 f281f516
11 1 1 13 f8ff0404
11 1 0 14 4fef802
11 1 1 14 eb07340a
11 1 0 15 f5fdfcfb
11 1 1 15 ab01f12e
11 1 0 16 f9fefcfb
11 1 1 16 e5fc00fc
11 1 0 17 4fe01fd
11 1 1 17 6fc00fb
11 1 0 18 e50bfa0c
11 1 1 18 d47f00e2
11 1 0 19 e2fdfff8
11 1 1 19 7ff24fc
11 1 0 20 609fa
11 1 1 20 e60b02f4
11 1 0 21 f6f901fc
11 1 1 21 fefd01fc
11 1 0 22 f9fa02f8
11 1 1 22 ed080af7
11 1 0 23 f8ffff81
11 1 1 23 46c801f7
11 1 0 24 fb066746
11 1 1 24 fcf119
11 1 0 25 ff0016ba
11 1 1 25 fdfcbce8
11 1 0 26 3f7e6fa
11 1 1 26 29411ad
11 1 0 27 1ceef8fa
11 1 1 27 1301071a
11 1 0 28 3f84c1a
11 1 1 28 fbf5f6e7
11 1 0 29 605fafb
11 1 1 29 fcfefd01
11 1 0 30 f9330106
11 1 1 30 6fdfb01
11 1 0 31 fefd0ed5
11 1 1 31 eb21034b
11 1 0 32 8fd00f6
11 1 1 32 501fd25
11 1 0 33 2c02ff
11 1 1 33 fdf9020a
11 1 0 34 4f1020e
11 1 1 34 ff3dbd0
11 1 0 35 3ffb00e0
11 1 1 35 b04f90a
11 1 0 36 fec201f3
11 1 1 36 e8f4cb12
11 1 0 37 fbfbe6fb
11 1 1 37 e0181fe
11 1 0 38 105010b
11 1 1 38 9fa0406
11 1 0 39 fbfb0521
11 1 1 39 d804fd7f
11 1 0 40 fb3a04fb
11 1 1 40 f807e329
11 1 0 41 fc1bfbfe
11 1 1 41 ffd6f400
11 1 0 42 ecfbd716
11 1 1 42 9ecb0220
11 1 0 43 d2f110fe
11 1 1 43 21e9dbfd
11 1 0 44 f713ee07
11 1 1 44 c9f8b2ff
11 1 0 45 fe00f30e
11 1 1 45 fdfe08fd
11 1 0 46 fc00f2f9
11 1 1 46 fdf9b6eb
11 1 0 47 f3f508f9
11 1 1 47 680b3804
11 0 0 0 41dce50dd
11 0 0 1 6a1dfb985
11 0 0 2 3bce003b5
11 0 0 3 58bb1b7e3
11 0 0 4 4939ff073
11 0 0 5 14a3047ea
11 0 0 6 51af0280b
11 0 0 7 6e80ffd42
11 0 0 8 32110806c
11 0 0 9 346203ec9
11 0 0 10 4dff020aa
11 0 0 11 42fd01808
11 0 0 12 4e29fb6d4
11 0 0 13 404900abb
11 0 0 14 1e0906285
11 0 0 15 14e2fd7fc
11 0 0 16 41dce50dd
11 0 0 17 6a1dfb985
11 0 0 18 3bce003b5
11 0 0 19 58bb1b7e3
11 0 0 20 4939ff073
11 0 0 21 14a3047ea
11 0 0 22 51af0280b
11 0 0 23 6e80ffd42
11 0 0 24 32110806c
11 0 0 25 346203ec9
11 0 0 26 4dff020aa
11 0 0 27 42fd01808
11 0 0 28 4e29fb6d4
11 0 0 29 404900abb
11 0 0 30 1e0906285
11 0 0 31 14e2fd7fc
11 0 0 32 3218ed673
11 0 0 33 58fbfd1bc
11 0 0 34 47e1ffa5a
11 0 0 35 560d1a1a1
11 0 0 36 5ad6fe47f
11 0 0 37 de000b23
11 0 0 38 524000a5c
11 0 0 39 65f2ffe9a
11 0 0 40 37a7049b9
11 0 0 41 3f94ff853
11 0 0 42 3a77014f5
11 0 0 43 8e8001730
11 0 0 44 865dfba5d
11 0 0 45 47a1fe4df
11 0 0 46 25dd08f1d
11 0 0 47 10a6fe716
11 0 0 48 3218ed673
11 0 0 49 58fbfd1bc
11 0 0 50 47e1ffa5a
11 0 0 51 560d1a1a1
11 0 0 52 5ad6fe47f
11 0 0 53 de000b23
11 0 0 54 524000a5c
11 0 0 55 65f2ffe9a
11 0 0 56 37a7049b9
11 0 0 57 3f94ff853
11 0 0 58 3a77014f5
11 0 0 59 8e8001730
11 0 0 60 865dfba5d
11 0 0 61 47a1fe4df
11 0 0 62 25dd08f1d
11 0 0 63 10a6fe716
11 0 0 64 47f9e012b
11 0 0 65 50bcfdcc0
11 0 0 66 48f6fe141
11 0 0 67 61e021e09
11 0 0 68 35eefebae
11 0 0 69 162f043f7
11 0 0 70 41f8044f1
11 0 0 71 5ac9016f7
11 0 0 72 2fc105e14
11 0 0 73 170bffb1d
11 0 0 74 3af4004b6
11 0 0 75 47ce01f2d
11 0 0 76 3e95fb88c
11 0 0 77 388bffb1d
11 0 0 78 1dfa050ad
11 0 0 79 1009fe565
11 0 0 80 47f9e012b
11 0 0 81 50bcfdcc0
11 0 0 82 48f6fe141
11 0 0 83 61e021e09
11 0 0 84 35eefebae
11 0 0 85 162f043f7
11 0 0 86 41f8044f1
11 0 0 87 5ac9016f7
11 0 0 88 2fc105e14
11 0 0 89 170bffb1d
11 0 0 90 3af4004b6
11 0 0 91 47ce01f2d
11 0 0 92 3e95fb88c
11 0 0 93 388bffb1d
11 0 0 94 1dfa050ad
11 0 0 95 1009fe565
11 0 0 96 2a32edf4e
11 0 0 97 3a10fde7b
11 0 0 98 293800f0d
11 0 0 99 31c30fd1d
11 0 0 100 3bfffead5
11 0 0 101 a1001546
11 0 0 102 321f02e28
11 0 0 103 439d00022
11 0 0 104 2ae50429d
11 0 0 105 18e7000eb
11 0 0 106 4ad901a6d
11 0 0 107 2b8400b99
11 0 0 108 3387fd18c
11 0 0 109 27caff9ad
11 0 0 110 237f05b8d
11 0 0 111 ef7fd8e1
11 0 0 112 2a32edf4e
11 0 0 113 3a10fde7b
11 0 0 114 293800f0d
11 0 0 115 31c30fd1d
11 0 0 116 3bfffead5
11 0 0 117 a1001546
11 0 0 118 321f02e28
11 0 0 119 439d00022
11 0 0 120 2ae50429d
11 0 0 121 18e7000eb
11 0 0 122 4ad901a6d
11 0 0 123 2b8400b99
11 0 0 124 3387fd18c
11 0 0 125 27caff9ad
11 0 0 126 237f05b8d
11 0 0 127 ef7fd8e1
12 1 0 0 f9342608
12 1 1 0 f63ad20a
12 1 2 0 e6ff1a0f
12 1 3 0 f109021d
12 1 4 0 50858f3
12 1 5 0 f40ae40d
12 1 0 1 141e1b01
12 1 1 1 c11e5f9
12 1 2 1 37f53cf4
12 1 3 1 34db12e5
12 1 4 1 23f1ccf0
12 1 5 1 2fe302ee
12 1 0 2 eb6ff6f7
12 1 1 2 509051b
12 1 2 2 1215dbfa
12 1 3 2 50309f7
12 1 4 2 4e3e03d6
12 1 5 2 182576e3
12 1 0 3 2a1cebf0
12 1 1 3 c0717f2
12 1 2 3 41fcc3e1
12 1 3 3 13071bfd
12 1 4 3 8e01c13
12 1 5 3 1619e930
12 1 0 4 f4210f05
12 1 1 4 f41c370d
12 1 2 4 50c0501
12 1 3 4 fe1a0101
12 1 4 4 400fafd
12 1 5 4 3234faee
12 1 0 5 fc130603
12 1 1 5 2623ddeb
12 1 2 5 2aef1fe7
12 1 3 5 2be0cae9
12 1 4 5 24eefb02
12 1 5 5 26f00ee2
12 1 0 6 e440c51d
12 1 1 6 f130c817
12 1 2 6 e32f3f1b
12 1 3 6 e2e6f200
12 1 4 6 2b5bb2dc
12 1 5 6 2323d8dc
12 1 0 7 204d0fe0
12 1 1 7 1733dfea
12 1 2 7 5801f8f8
12 1 3 7 b07f306
12 1 4 7 220c3df5
12 1 5 7 8f1d4f9
12 1 0 8 e136044f
12 1 1 8 c95a5a34
12 1 2 8 df45ff15
12 1 3 8 e64c520b
12 1 4 8 8391fec
12 1 5 8 3c513cb3
12 1 0 9 2b4036b5
12 1 1 9 2d517fd6
12 1 2 9 798ef281
12 1 3 9 65cb33ec
12 1 4 9 2ad5e4d9
12 1 5 9 62d15fa0
12 1 0 10 cb200e2a
12 1 1 10 e954d232
12 1 2 10 eb1efd02
12 1 3 10 e32c0b09
12 1 4 10 232f0cda
12 1 5 10 2659e9ba
12 1 0 11 1b37fde5
12 1 1 11 2336f4eb
12 1 2 11 35eb0a1f
12 1 3 11 47e0e8bf
12 1 4 11 25f741f9
12 1 5 11 27d80bd9
12 1 0 12 ee3b0006
12 1 1 12 dc08f4fa
12 1 2 12 ed43ff23
12 1 3 12 f325f109
12 1 4 12 f13f0e2
12 1 5 12 12071c1d
12 1 0 13 2a2aeedb
12 1 1 13 a20c8fe
12 1 2 13 21ef08e4
12 1 3 13 27f6e2df
12 1 4 13 2aed01e7
12 1 5 13 32fdbfe7
12 1 0 14 d30d0e25
12 1 1 14 df1d0702
12 1 2 14 d963022c
12 1 3 14 d51ff635
12 1 4 14 332df0ed
12 1 5 14 1f3be5e1
12 1 0 15 4547f7d1
12 1 1 15 384ae5c3
12 1 2 15 16ddee18
12 1 3 15 40f026fe
12 1 4 15 4de4f0cb
12 1 5 15 48b412f5
12 1 0 16 20edaf2
12 1 1 16 f43be8ec
12 1 2 16 e01e050a
12 1 3 16 ed41ee17
12 1 4 16 fe0f02ff
12 1 5 16 221008f5
12 1 0 17 61a04ff
12 1 1 17 1d1202e6
12 1 2 17 19f111f0
12 1 3 17 3e90ff5
12 1 4 17 22e8d5ea
12 1 5 17 51e2cef5
12 1 0 18 9ebe7d0
12 1 1 18 fa21fe19
12 1 2 18 132d1508
12 1 3 18 aff1507
12 1 4 18 f70d05b5
12 1 5 18 f0180309
12 1 0 19 f708ff0a
12 1 1 19 fb02fd20
12 1 2 19 192509d2
12 1 3 19 ff0012f5
12 1 4 19 e7fd24
12 1 5 19 e811ef06
12 1 0 20 2207e042
12 1 1 20 2ad0d6e2
12 1 2 20 10fafa27
12 1 3 20 21edf6
12 1 4 20 ae81817
12 1 5 20 583015d0
12 1 0 21 10f0fefe
12 1 1 21 12070bf4
12 1 2 21 1dca2226
12 1 3 21 49f50501
12 1 4 21 4340e1d
12 1 5 21 10ce100b
12 1 0 22 e2e10ef8
12 1 1 22 d8dfff16
12 1 2 22 8fb12f7
12 1 3 22 f9f41c10
12 1 4 22 f2f9f9e9
12 1 5 22 e3befe14
12 1 0 23 ec05fb06
12 1 1 23 f6f0f608
12 1 2 23 f921f603
12 1 3 23 d8d60d12
12 1 4 23 e4dcf3f4
12 1 5 23 fd11ea0a
12 1 0 24 28f4e5dd
12 1 1 24 ea0421f9
12 1 2 24 8f518b4
12 1 3 24 e017eaff
12 1 4 24 4beffa05
12 1 5 24 af7170e
12 1 0 25 2730e083
12 1 1 25 fc04eee0
12 1 2 25 fee523de
12 1 3 25 10240614
12 1 4 25 f405f1bf
12 1 5 25 f2da0dce
12 1 0 26 bb3d21da
12 1 1 26 47d0d2a3
12 1 2 26 e9bb35e6
12 1 3 26 52c72281
12 1 4 26 da08f3f4
12 1 5 26 681f49c
12 1 0 27 e188e91d
12 1 1 27 6eeddbcf
12 1 2 27 308d7da
12 1 3 27 5c6189a
12 1 4 27 e6e4b908
12 1 5 27 35e6b9a1
12 1 0 28 14d3f8
12 1 1 28 d1031009
12 1 2 28 4f6e516
12 1 3 28 e4e9fef6
12 1 4 28 ed200301
12 1 5 28 e62a062c
12 1 0 29 fa0ffcfa
12 1 1 29 cff70719
12 1 2 29 ef0cfff2
12 1 3 29 ee17ec15
12 1 4 29 e4ee0fea
12 1 5 29 bc16030b
12 1 0 30 fc1c5fe3
12 1 1 30 af72d04
12 1 2 30 4c02907
12 1 3 30 fff52607
12 1 4 30 eaea2eec
12 1 5 30 13f60d00
12 1 0 31 1aba5b04
12 1 1 31 25054312
12 1 2 31 ed20dc17
12 1 3 31 f3ccf7f7
12 1 4 31 ffe5510c
12 1 5 31 1319fc0c
12 1 0 32 f2db19c7
12 1 1 32 bff4803
12 1 2 32 c529dfdd
12 1 3 32 e8f5bedd
12 1 4 32 43a05e0
12 1 5 32 eff829f3
12 1 0 33 db2030cf
12 1 1 33 eb053be0
12 1 2 33 e919f9f8
12 1 3 33 1ee0f03
12 1 4 33 190839b0
12 1 5 33 23d97fe5
12 1 0 34 b07272f
12 1 1 34 fd031af0
12 1 2 34 eb19fbf2
12 1 3 34 f84509ee
12 1 4 34 f90bfcfd
12 1 5 34 f5330bc5
12 1 0 35 fa10f9fa
12 1 1 35 fb2c0106
12 1 2 35 fff2e1f6
12 1 3 35 c31aeff7
12 1 4 35 7150e12
12 1 5 35 ce3106f4
12 1 0 36 fd36d62b
12 1 1 36 df14d009
12 1 2 36 d624ee06
12 1 3 36 d726ef07
12 1 4 36 8f8e70b
12 1 5 36 eb0700f7
12 1 0 37 10fe1a0a
12 1 1 37 1bf303f8
12 1 2 37 4a12ed0b
12 1 3 37 4ef1d5f5
12 1 4 37 2405070f
12 1 5 37 1f1be727
12 1 0 38 3e9c958
12 1 1 38 68030921
12 1 2 38 36011d21
12 1 3 38 39e90e0f
12 1 4 38 d322df1d
12 1 5 38 f9f9470e
12 1 0 39 e920e625
12 1 1 39 213e21a
12 1 2 39 a23ff340
12 1 3 39 cd360628
12 1 4 39 e8020315
12 1 5 39 f8f71320
12 1 0 40 160dfd
12 1 1 40 dcfef03b
12 1 2 40 edebe3df
12 1 3 40 f7122509
12 1 4 40 eafd1cf3
12 1 5 40 260edd0c
12 1 0 41 2310fa21
12 1 1 41 e0150518
12 1 2 41 33a9ee10
12 1 3 41 48ceff21
12 1 4 41 f7eff901
12 1 5 41 fdffef1b
12 1 0 42 dba81d7f
12 1 1 42 70f1e32
12 1 2 42 6bdad338
12 1 3 42 37d114fa
12 1 4 42 d5ff0913
12 1 5 42 1021d27
12 1 0 43 e80dcffe
12 1 1 43 17031b0f
12 1 2 43 e0052c42
12 1 3 43 ebfe0c2f
12 1 4 43 b30ad72d
12 1 5 43 c6f01ff0
12 1 0 44 f57f2c52
12 1 1 44 cd06fd54
12 1 2 44 ae483248
12 1 3 44 c734ea48
12 1 4 44 2105f006
12 1 5 44 25029c14
12 1 0 45 42fc43d7
12 1 1 45 e01ad809
12 1 2 45 13fffe40
12 1 3 45 7feadb3a
12 1 4 45 7f1628fc
12 1 5 45 e721c333
12 1 0 46 70ebd569
12 1 1 46 2e442b7f
12 1 2 46 f6d9ff3d
12 1 3 46 eadccc1c
12 1 4 46 ec11de26
12 1 5 46 dd1e2319
12 1 0 47 b081a0e
12 1 1 47 3114e22b
12 1 2 47 d019fb55
12 1 3 47 98351e50
12 1 4 47 f30ef03c
12 1 5 47 42230b1d
12 1 0 48 91628
12 1 1 48 23e2e60e
12 1 2 48 cce5f16b
12 1 3 48 f1072c0d
12 1 4 48 7e80f0f
12 1 5 48 9fa02fa
12 1 0 49 2b07f51d
12 1 1 49 3fa0120
12 1 2 49 ec0ee36
12 1 3 49 ee61005
12 1 4 49 5dd40b24
12 1 5 49 22e9204e
12 1 0 50 1ce3f426
12 1 1 50 190cf53d
12 1 2 50 59fde37f
12 1 3 50 21b7fc4e
12 1 4 50 fa122029
12 1 5 50 f3071220
12 1 0 51 cf2be440
12 1 1 51 13fd1414
12 1 2 51 115391a
12 1 3 51 eaf7e236
12 1 4 51 9928db49
12 1 5 51 dee60716
12 1 0 52 a61c0a04
12 1 1 52 df05dc2f
12 1 2 52 e923f41d
12 1 3 52 c34b054f
12 1 4 52 103fa09
12 1 5 52 b0cfd2b
12 1 0 53 faf1180f
12 1 1 53 afdf435
12 1 2 53 56fcf017
12 1 3 53 4620121f
12 1 4 53 f2110818
12 1 5 53 282ee84b
12 1 0 54 f9411dec
12 1 1 54 311f801
12 1 2 54 f10bf202
12 1 3 54 fe1f710
12 1 4 54 f0508ff
12 1 5 54 f613040a
12 1 0 55 daf40204
12 1 1 55 e321fd01
12 1 2 55 42fcfe05
12 1 3 55 1cf30bfc
12 1 4 55 f9020c0b
12 1 5 55 20f50bf3
12 1 0 56 351bb014
12 1 1 56 1c1c20df
12 1 2 56 11ff2e8
12 1 3 56 50bf2da
12 1 4 56 737bdf6
12 1 5 56 fb3326f9
12 1 0 57 f007f814
12 1 1 57 13f5fa07
12 1 2 57 1330c9e1
12 1 3 57 e22af912
12 1 4 57 9f2ebdc
12 1 5 57 d8042c08
12 1 0 58 f82d1af0
12 1 1 58 fd3e0a13
12 1 2 58 18d60d01
12 1 3 58 ee0aff0b
12 1 4 58 f3152505
12 1 5 58 e2826ff
12 1 0 59 fc1110f5
12 1 1 59 ed15ecfe
12 1 2 59 d701f412
12 1 3 59 380020e7
12 1 4 59 f2090f1e
12 1 5 59 f707d8fb
12 1 0 60 54e829
12 1 1 60 fc0806fa
12 1 2 60 8423efe
12 1 3 60 f40a1404
12 1 4 60 f449152f
12 1 5 60 f82100fc
12 1 0 61 354327f7
12 1 1 61 24f90603
12 1 2 61 ef594407
12 1 3 61 f01efb0d
12 1 4 61 fe2205ff
12 1 5 61 d91bf0f7
12 1 0 62 5a2bf21b
12 1 1 62 6036dd3a
12 1 2 62 522cd62c
12 1 3 62 44340e0e
12 1 4 62 7f32e5f3
12 1 5 62 7f3f0b19
12 1 0 63 7f4fe2e1
12 1 1 63 5e5d05eb
12 1 2 63 5334c321
12 1 3 63 18431507
12 1 4 63 2337ec27
12 1 5 63 5c47c82a
12 1 0 64 1b11310f
12 1 1 64 c3e3303
12 1 2 64 fa2625fc
12 1 3 64 5371900
12 1 4 64 de250809
12 1 5 64 fa482316
12 1 0 65 f5193819
12 1 1 65 1520270e
12 1 2 65 f11e3313
12 1 3 65 72f0f30
12 1 4 65 f0d0cef
12 1 5 65 232d49ff
12 1 0 66 fe1229d4
12 1 1 66 240af0f6
12 1 2 66 f23aee02
12 1 3 66 1514f501
12 1 4 66 7fbf7d0
12 1 5 66 fd0e0dfb
12 1 0 67 f530f122
12 1 1 67 e53cff09
12 1 2 67 ff130a04
12 1 3 67 f9fee3e0
12 1 4 67 221b1ff3
12 1 5 67 22020f25
12 1 0 68 1a41d79e
12 1 1 68 eb291fc1
12 1 2 68 3f21b705
12 1 3 68 ed442dfa
12 1 4 68 f6221bb3
12 1 5 68 fb19eab4
12 1 0 69 233de632
12 1 1 69 13050e2b
12 1 2 69 fd1eef9a
12 1 3 69 42de3dc
12 1 4 69 739e126
12 1 5 69 dd59fff0
12 1 0 70 f4f70ff7
12 1 1 70 e19dccc
12 1 2 70 f8222500
12 1 3 70 172d0b09
12 1 4 70 b180602
12 1 5 70 2130bbe
12 1 0 71 da36f9f0
12 1 1 71 c421906
12 1 2 71 b0ff1ff
12 1 3 71 230207e2
12 1 4 71 f407f6de
12 1 5 71 191726f8
12 0 0 0 7b9401a8e
12 0 0 1 89a501afa
12 0 0 2 96f401c59
12 0 0 3 bede029cb
12 0 0 4 90ed0253b
12 0 0 5 80a102533
12 0 0 6 7d7802598
12 0 0 7 8d5601a0a
12 0 0 8 896d0223d
12 0 0 9 a98c02526
12 0 0 10 cb92026e7
12 0 0 11 98640276c
12 0 0 12 7b9401a8e
12 0 0 13 89a501afa
12 0 0 14 96f401c59
12 0 0 15 bede029cb
12 0 0 16 90ed0253b
12 0 0 17 80a102533
12 0 0 18 7d7802598
12 0 0 19 8d5601a0a
12 0 0 20 896d0223d
12 0 0 21 a98c02526
12 0 0 22 cb92026e7
12 0 0 23 98640276c
12 0 0 24 7b9401a8e
12 0 0 25 89a501afa
12 0 0 26 96f401c59
12 0 0 27 bede029cb
12 0 0 28 90ed0253b
12 0 0 29 80a102533
12 0 0 30 7d7802598
12 0 0 31 8d5601a0a
12 0 0 32 896d0223d
12 0 0 33 a98c02526
12 0 0 34 cb92026e7
12 0 0 35 98640276c
12 0 0 36 7b9401a8e
12 0 0 37 89a501afa
12 0 0 38 96f401c59
12 0 0 39 bede029cb
12 0 0 40 90ed0253b
12 0 0 41 80a102533
12 0 0 42 7d7802598
12 0 0 43 8d5601a0a
12 0 0 44 896d0223d
12 0 0 45 a98c02526
12 0 0 46 cb92026e7
12 0 0 47 98640276c
12 0 0 48 7b9401a8e
12 0 0 49 89a501afa
12 0 0 50 96f401c59
12 0 0 51 bede029cb
12 0 0 52 90ed0253b
12 0 0 53 80a102533
12 0 0 54 7d7802598
12 0 0 55 8d5601a0a
12 0 0 56 896d0223d
12 0 0 57 a98c02526
12 0 0 58 cb92026e7
12 0 0 59 98640276c
12 0 0 60 7b9401a8e
12 0 0 61 89a501afa
12 0 0 62 96f401c59
12 0 0 63 bede029cb
12 0 0 64 90ed0253b
12 0 0 65 80a102533
12 0 0 66 7d7802598
12 0 0 67 8d5601a0a
12 0 0 68 896d0223d
12 0 0 69 a98c02526
12 0 0 70 cb92026e7
12 0 0 71 98640276c
12 0 0 72 7b9401a8e
12 0 0 73 89a501afa
12 0 0 74 96f401c59
12 0 0 75 bede029cb
12 0 0 76 90ed0253b
12 0 0 77 80a102533
12 0 0 78 7d7802598
12 0 0 79 8d5601a0a
12 0 0 80 896d0223d
12 0 0 81 a98c02526
12 0 0 82 cb92026e7
12 0 0 83 98640276c
12 0 0 84 7b9401a8e
12 0 0 85 89a501afa
12 0 0 86 96f401c59
12 0 0 87 bede029cb
12 0 0 88 90ed0253b
12 0 0 89 80a102533
12 0 0 90 7d7802598
12 0 0 91 8d5601a0a
12 0 0 92 896d0223d
12 0 0 93 a98c02526
12 0 0 94 cb92026e7
12 0 0 95 98640276c
