style 4
arm 0
cfg 80 2895158629 0
cfg 81 1582274283 0
cfg 82 2455763673 1
cfg 83 1115697910 0
cfg 84 2950681697 0
cfg 85 1954547136 1
cfg 86 1779409062 0
cfg 87 2642423884 0
cfg 88 2901411165 1
cfg 89 1603272250 3
cfg 90 2413821191 2
cfg 91 1439677032 0
cfg 92 1829767957 1
cfg 93 1455434489 0
cfg 94 2969567186 1
cfg 95 1852834678 3
style 5
arm 1
cfg 65632 1949320951 2
cfg 65633 4115666142 0
cfg 65634 3773845769 0
cfg 65635 4190111176 1
cfg 65636 989865591 1
cfg 65637 3312459782 3
cfg 65638 676333928 0
cfg 65639 3135255145 2
cfg 65640 2703232305 1
cfg 65641 4280293515 1
cfg 65642 2441095727 0
cfg 65643 1513096094 0
cfg 65644 4126144876 0
cfg 65645 4072683021 0
cfg 65646 2866809087 0
cfg 65647 4005567270 3
cfg 65648 460329406 0
cfg 65649 659555737 0
cfg 65650 309335926 0
cfg 65651 1401951480 2
cfg 65652 3849325685 0
cfg 65653 1858084116 1
cfg 65654 674254028 0
cfg 65655 30411069 2
cfg 64 2895158629 0
cfg 65 1582274283 0
cfg 66 2455763673 1
cfg 67 1115697910 0
cfg 68 2950681697 0
cfg 69 1954547136 1
cfg 70 1779409062 0
cfg 71 2642423884 0
cfg 72 2901411165 1
cfg 73 1603272250 3
cfg 74 2413821191 2
cfg 75 1439677032 0
cfg 76 1829767957 1
cfg 77 1455434489 0
cfg 78 2969567186 1
cfg 79 1852834678 3
style 4
arm 2
cfg 131192 149963519 0
cfg 131193 1496313683 0
cfg 131194 2096128853 0
cfg 131195 1719663746 0
cfg 131196 1650469641 0
cfg 131197 412089789 0
cfg 131198 3589278748 2
cfg 131199 531654405 0
cfg 131200 1875900493 0
cfg 131201 541069253 0
cfg 131202 3566195069 0
cfg 131203 3625978604 0
cfg 131204 1731188395 0
cfg 131205 2571093884 0
cfg 131206 3150955578 1
cfg 131207 1213195387 0
cfg 131208 1679854211 0
cfg 131209 2765083583 5
cfg 131210 318758757 2
cfg 131211 693112703 0
cfg 131212 4132442649 0
cfg 131213 2129651344 0
cfg 131214 2582630602 0
cfg 131215 1240467307 0
cfg 65656 1949320951 2
cfg 65657 4115666142 0
cfg 65658 3773845769 0
cfg 65659 4190111176 1
cfg 65660 989865591 1
cfg 65661 3312459782 3
cfg 65662 676333928 0
cfg 65663 3135255145 2
cfg 65664 2703232305 1
cfg 65665 4280293515 1
cfg 65666 2441095727 0
cfg 65667 1513096094 0
cfg 65668 4126144876 0
cfg 65669 4072683021 0
cfg 65670 2866809087 0
cfg 65671 4005567270 3
cfg 65672 460329406 0
cfg 65673 659555737 0
cfg 65674 309335926 0
cfg 65675 1401951480 2
cfg 65676 3849325685 0
cfg 65677 1858084116 1
cfg 65678 674254028 0
cfg 65679 30411069 2
style 5
arm 3
cfg 196704 322966405 0
cfg 196705 653286706 0
cfg 196706 80747692 0
cfg 196707 439348390 0
cfg 196708 20970067 0
cfg 196709 643826542 0
cfg 196710 26218965 0
cfg 196711 173019183 0
cfg 196712 250614288 0
cfg 196713 67118169 0
cfg 196714 680530074 0
cfg 196715 168826871 0
cfg 196716 495979834 0
cfg 196717 153103141 0
cfg 196718 1733278687 0
cfg 196719 744499181 0
cfg 196720 20974647 0
cfg 196721 368051884 0
cfg 196722 69208178 0
cfg 196723 18877220 0
cfg 196724 784345250 0
cfg 196725 296757718 0
cfg 196726 367013943 0
cfg 196727 105906032 0
cfg 131168 149963519 0
cfg 131169 1496313683 0
cfg 131170 2096128853 0
cfg 131171 1719663746 0
cfg 131172 1650469641 0
cfg 131173 412089789 0
cfg 131174 3589278748 2
cfg 131175 531654405 0
cfg 131176 1875900493 0
cfg 131177 541069253 0
cfg 131178 3566195069 0
cfg 131179 3625978604 0
cfg 131180 1731188395 0
cfg 131181 2571093884 0
cfg 131182 3150955578 1
cfg 131183 1213195387 0
cfg 131184 1679854211 0
cfg 131185 2765083583 5
cfg 131186 318758757 2
cfg 131187 693112703 0
cfg 131188 4132442649 0
cfg 131189 2129651344 0
cfg 131190 2582630602 0
cfg 131191 1240467307 0
style 4
arm 4
cfg 262264 1182806559 1
cfg 262265 3497023758 0
cfg 262266 563059358 1
cfg 262267 3796877105 1
cfg 262268 4205841510 1
cfg 262269 3422540736 0
cfg 262270 2942279436 8
cfg 262271 2252313531 0
cfg 262272 1843413571 0
cfg 262273 2189449609 1
cfg 262274 2493501554 0
cfg 262275 3161432319 0
cfg 262276 2082454901 0
cfg 262277 8417361 1
cfg 262278 1077935073 0
cfg 262279 2863679396 0
cfg 262280 551577434 1
cfg 262281 2967474927 4
cfg 262282 852483552 3
cfg 262283 1313857330 2
cfg 262284 2009061832 0
cfg 262285 833603673 1
cfg 262286 2352041479 2
cfg 262287 3339730411 0
cfg 196728 322966405 0
cfg 196729 653286706 0
cfg 196730 80747692 0
cfg 196731 439348390 0
cfg 196732 20970067 0
cfg 196733 643826542 0
cfg 196734 26218965 0
cfg 196735 173019183 0
cfg 196736 250614288 0
cfg 196737 67118169 0
cfg 196738 680530074 0
cfg 196739 168826871 0
cfg 196740 495979834 0
cfg 196741 153103141 0
cfg 196742 1733278687 0
cfg 196743 744499181 0
cfg 196744 20974647 0
cfg 196745 368051884 0
cfg 196746 69208178 0
cfg 196747 18877220 0
cfg 196748 784345250 0
cfg 196749 296757718 0
cfg 196750 367013943 0
cfg 196751 105906032 0
style 5
arm 5
cfg 327776 248516025 0
cfg 327777 868218752 0
cfg 327778 274738303 0
cfg 327779 84934501 0
cfg 327780 185593663 0
cfg 327781 294658053 0
cfg 327782 117438320 0
cfg 327783 161487859 0
cfg 327784 207621883 0
cfg 327785 242232655 0
cfg 327786 562048980 0
cfg 327787 942669388 0
cfg 327788 137364463 0
cfg 327789 39847711 0
cfg 327790 529535874 0
cfg 327791 691003532 0
cfg 327792 171971931 0
cfg 327793 279975898 0
cfg 327794 162528268 0
cfg 327795 640680948 0
cfg 327796 317714896 0
cfg 327797 320864216 0
cfg 327798 165680379 0
cfg 327799 488623873 0
cfg 262240 1182806559 1
cfg 262241 3497023758 0
cfg 262242 563059358 1
cfg 262243 3796877105 1
cfg 262244 4205841510 1
cfg 262245 3422540736 0
cfg 262246 2942279436 8
cfg 262247 2252313531 0
cfg 262248 1843413571 0
cfg 262249 2189449609 1
cfg 262250 2493501554 0
cfg 262251 3161432319 0
cfg 262252 2082454901 0
cfg 262253 8417361 1
cfg 262254 1077935073 0
cfg 262255 2863679396 0
cfg 262256 551577434 1
cfg 262257 2967474927 4
cfg 262258 852483552 3
cfg 262259 1313857330 2
cfg 262260 2009061832 0
cfg 262261 833603673 1
cfg 262262 2352041479 2
cfg 262263 3339730411 0
style 4
arm 6
cfg 393336 1309669903 0
cfg 393337 1366289888 0
cfg 393338 3980392519 0
cfg 393339 1025520039 0
cfg 393340 4048555887 0
cfg 393341 988818903 0
cfg 393342 3243245098 2
cfg 393343 1639953286 0
cfg 393344 2295332666 0
cfg 393345 1726964167 0
cfg 393346 457174414 0
cfg 393347 1609555737 0
cfg 393348 1286586445 1
cfg 393349 520099182 0
cfg 393350 711988460 0
cfg 393351 1683995401 0
cfg 393352 834666394 2
cfg 393353 975188578 0
cfg 393354 1837087835 0
cfg 393355 1024455582 0
cfg 393356 758123155 0
cfg 393357 1987030902 0
cfg 393358 1204775985 0
cfg 393359 3428850834 0
cfg 327800 248516025 0
cfg 327801 868218752 0
cfg 327802 274738303 0
cfg 327803 84934501 0
cfg 327804 185593663 0
cfg 327805 294658053 0
cfg 327806 117438320 0
cfg 327807 161487859 0
cfg 327808 207621883 0
cfg 327809 242232655 0
cfg 327810 562048980 0
cfg 327811 942669388 0
cfg 327812 137364463 0
cfg 327813 39847711 0
cfg 327814 529535874 0
cfg 327815 691003532 0
cfg 327816 171971931 0
cfg 327817 279975898 0
cfg 327818 162528268 0
cfg 327819 640680948 0
cfg 327820 317714896 0
cfg 327821 320864216 0
cfg 327822 165680379 0
cfg 327823 488623873 0
style 5
arm 7
cfg 458848 199228002 0
cfg 458849 133169780 0
cfg 458850 136317990 0
cfg 458851 947898375 0
cfg 458852 826281525 0
cfg 458853 233834874 0
cfg 458854 1519389465 0
cfg 458855 266342627 0
cfg 458856 565177232 0
cfg 458857 892363293 0
cfg 458858 788534884 0
cfg 458859 495983728 0
cfg 458860 188744153 0
cfg 458861 344982004 0
cfg 458862 1206920418 0
cfg 458863 392176840 0
cfg 458864 480251348 0
cfg 458865 543171393 0
cfg 458866 867178647 0
cfg 458867 485493200 0
cfg 458868 641734769 0
cfg 458869 778056353 0
cfg 458870 193988021 0
cfg 458871 439365104 0
cfg 393312 1309669903 0
cfg 393313 1366289888 0
cfg 393314 3980392519 0
cfg 393315 1025520039 0
cfg 393316 4048555887 0
cfg 393317 988818903 0
cfg 393318 3243245098 2
cfg 393319 1639953286 0
cfg 393320 2295332666 0
cfg 393321 1726964167 0
cfg 393322 457174414 0
cfg 393323 1609555737 0
cfg 393324 1286586445 1
cfg 393325 520099182 0
cfg 393326 711988460 0
cfg 393327 1683995401 0
cfg 393328 834666394 2
cfg 393329 975188578 0
cfg 393330 1837087835 0
cfg 393331 1024455582 0
cfg 393332 758123155 0
cfg 393333 1987030902 0
cfg 393334 1204775985 0
cfg 393335 3428850834 0
style 4
arm 8
cfg 524408 2637166510 0
cfg 524409 1448084337 0
cfg 524410 4271901613 0
cfg 524411 3769627412 2
cfg 524412 1267737171 0
cfg 524413 1053815424 0
cfg 524414 1515195031 1
cfg 524415 2769304460 0
cfg 524416 860881832 0
cfg 524417 443555200 0
cfg 524418 2470442982 0
cfg 524419 1365261853 0
cfg 524420 589310079 1
cfg 524421 1908412239 1
cfg 524422 3658485305 0
cfg 524423 2356139232 0
cfg 524424 1370511029 0
cfg 524425 2300595623 0
cfg 524426 2022706683 0
cfg 524427 1111481987 0
cfg 524428 602942205 0
cfg 524429 2349857317 0
cfg 524430 2063595212 0
cfg 524431 2562710320 0
cfg 458872 199228002 0
cfg 458873 133169780 0
cfg 458874 136317990 0
cfg 458875 947898375 0
cfg 458876 826281525 0
cfg 458877 233834874 0
cfg 458878 1519389465 0
cfg 458879 266342627 0
cfg 458880 565177232 0
cfg 458881 892363293 0
cfg 458882 788534884 0
cfg 458883 495983728 0
cfg 458884 188744153 0
cfg 458885 344982004 0
cfg 458886 1206920418 0
cfg 458887 392176840 0
cfg 458888 480251348 0
cfg 458889 543171393 0
cfg 458890 867178647 0
cfg 458891 485493200 0
cfg 458892 641734769 0
cfg 458893 778056353 0
cfg 458894 193988021 0
cfg 458895 439365104 0
style 5
arm 9
cfg 589920 1567618728 0
cfg 589921 1711267345 0
cfg 589922 832570117 0
cfg 589923 829419654 0
cfg 589924 991957439 0
cfg 589925 977272206 0
cfg 589926 1911548996 0
cfg 589927 754985903 0
cfg 589928 465566641 0
cfg 589929 1153438355 0
cfg 589930 459278883 0
cfg 589931 589308278 0
cfg 589932 1012926449 0
cfg 589933 840956197 0
cfg 589934 1069550145 0
cfg 589935 2314207858 0
cfg 589936 587206219 0
cfg 589937 2364536516 0
cfg 589938 1967134530 0
cfg 589939 734005883 0
cfg 589940 435154444 0
cfg 589941 938479015 0
cfg 589942 4234151691 63
cfg 589943 629153488 0
cfg 524384 2637166510 0
cfg 524385 1448084337 0
cfg 524386 4271901613 0
cfg 524387 3769627412 2
cfg 524388 1267737171 0
cfg 524389 1053815424 0
cfg 524390 1515195031 1
cfg 524391 2769304460 0
cfg 524392 860881832 0
cfg 524393 443555200 0
cfg 524394 2470442982 0
cfg 524395 1365261853 0
cfg 524396 589310079 1
cfg 524397 1908412239 1
cfg 524398 3658485305 0
cfg 524399 2356139232 0
cfg 524400 1370511029 0
cfg 524401 2300595623 0
cfg 524402 2022706683 0
cfg 524403 1111481987 0
cfg 524404 602942205 0
cfg 524405 2349857317 0
cfg 524406 2063595212 0
cfg 524407 2562710320 0
style 4
arm 10
cfg 655480 2240807928 4
cfg 655481 3234856488 1
cfg 655482 1423992724 3
cfg 655483 136314600 3
cfg 655484 3478139903 0
cfg 655485 3323983323 2
cfg 655486 316670338 10
cfg 655487 410009243 1
cfg 655488 100657668 1
cfg 655489 3744448394 2
cfg 655490 1440738450 4
cfg 655491 740287761 2
cfg 655492 2995797750 0
cfg 655493 3892324881 0
cfg 655494 2028991630 5
cfg 655495 2666522067 3
cfg 655496 2925557788 1
cfg 655497 3698329669 1
cfg 655498 809513334 1
cfg 655499 4155519239 0
cfg 655500 3557812597 1
cfg 655501 3739215636 0
cfg 655502 39863521 3
cfg 655503 3487555974 2
cfg 589944 1567618728 0
cfg 589945 1711267345 0
cfg 589946 832570117 0
cfg 589947 829419654 0
cfg 589948 991957439 0
cfg 589949 977272206 0
cfg 589950 1911548996 0
cfg 589951 754985903 0
cfg 589952 465566641 0
cfg 589953 1153438355 0
cfg 589954 459278883 0
cfg 589955 589308278 0
cfg 589956 1012926449 0
cfg 589957 840956197 0
cfg 589958 1069550145 0
cfg 589959 2314207858 0
cfg 589960 587206219 0
cfg 589961 2364536516 0
cfg 589962 1967134530 0
cfg 589963 734005883 0
cfg 589964 435154444 0
cfg 589965 938479015 0
cfg 589966 4234151691 63
cfg 589967 629153488 0
style 5
arm 11
cfg 720960 3874434590 1
cfg 720961 2494547996 6
cfg 720962 735066027 3
cfg 720963 3858827837 4
cfg 720964 3092254703 4
cfg 720965 563084476 0
cfg 720966 1805661475 4
cfg 720967 189789500 10
cfg 720968 2828035653 4
cfg 720969 1553985248 2
cfg 720970 3663727798 3
cfg 720971 2387599778 1
cfg 720972 1148187419 4
cfg 720973 3668972009 4
cfg 720974 2590012144 2
cfg 720975 3003120348 1
cfg 655456 2240807928 4
cfg 655457 3234856488 1
cfg 655458 1423992724 3
cfg 655459 136314600 3
cfg 655460 3478139903 0
cfg 655461 3323983323 2
cfg 655462 316670338 10
cfg 655463 410009243 1
cfg 655464 100657668 1
cfg 655465 3744448394 2
cfg 655466 1440738450 4
cfg 655467 740287761 2
cfg 655468 2995797750 0
cfg 655469 3892324881 0
cfg 655470 2028991630 5
cfg 655471 2666522067 3
cfg 655472 2925557788 1
cfg 655473 3698329669 1
cfg 655474 809513334 1
cfg 655475 4155519239 0
cfg 655476 3557812597 1
cfg 655477 3739215636 0
cfg 655478 39863521 3
cfg 655479 3487555974 2
style 4
arm 0
cfg 80 2895158629 0
cfg 81 1582274283 0
cfg 82 2455763673 1
cfg 83 1115697910 0
cfg 84 2950681697 0
cfg 85 1954547136 1
cfg 86 1779409062 0
cfg 87 2642423884 0
cfg 88 2901411165 1
cfg 89 1603272250 3
cfg 90 2413821191 2
cfg 91 1439677032 0
cfg 92 1829767957 1
cfg 93 1455434489 0
cfg 94 2969567186 1
cfg 95 1852834678 3
cfg 720976 3874434590 1
cfg 720977 2494547996 6
cfg 720978 735066027 3
cfg 720979 3858827837 4
cfg 720980 3092254703 4
cfg 720981 563084476 0
cfg 720982 1805661475 4
cfg 720983 189789500 10
cfg 720984 2828035653 4
cfg 720985 1553985248 2
cfg 720986 3663727798 3
cfg 720987 2387599778 1
cfg 720988 1148187419 4
cfg 720989 3668972009 4
cfg 720990 2590012144 2
cfg 720991 3003120348 1
style 5
arm 1
cfg 65632 1949320951 2
cfg 65633 4115666142 0
cfg 65634 3773845769 0
cfg 65635 4190111176 1
cfg 65636 989865591 1
cfg 65637 3312459782 3
cfg 65638 676333928 0
cfg 65639 3135255145 2
cfg 65640 2703232305 1
cfg 65641 4280293515 1
cfg 65642 2441095727 0
cfg 65643 1513096094 0
cfg 65644 4126144876 0
cfg 65645 4072683021 0
cfg 65646 2866809087 0
cfg 65647 4005567270 3
cfg 65648 460329406 0
cfg 65649 659555737 0
cfg 65650 309335926 0
cfg 65651 1401951480 2
cfg 65652 3849325685 0
cfg 65653 1858084116 1
cfg 65654 674254028 0
cfg 65655 30411069 2
cfg 64 2895158629 0
cfg 65 1582274283 0
cfg 66 2455763673 1
cfg 67 1115697910 0
cfg 68 2950681697 0
cfg 69 1954547136 1
cfg 70 1779409062 0
cfg 71 2642423884 0
cfg 72 2901411165 1
cfg 73 1603272250 3
cfg 74 2413821191 2
cfg 75 1439677032 0
cfg 76 1829767957 1
cfg 77 1455434489 0
cfg 78 2969567186 1
cfg 79 1852834678 3
style 4
arm 2
cfg 131192 149963519 0
cfg 131193 1496313683 0
cfg 131194 2096128853 0
cfg 131195 1719663746 0
cfg 131196 1650469641 0
cfg 131197 412089789 0
cfg 131198 3589278748 2
cfg 131199 531654405 0
cfg 131200 1875900493 0
cfg 131201 541069253 0
cfg 131202 3566195069 0
cfg 131203 3625978604 0
cfg 131204 1731188395 0
cfg 131205 2571093884 0
cfg 131206 3150955578 1
cfg 131207 1213195387 0
cfg 131208 1679854211 0
cfg 131209 2765083583 5
cfg 131210 318758757 2
cfg 131211 693112703 0
cfg 131212 4132442649 0
cfg 131213 2129651344 0
cfg 131214 2582630602 0
cfg 131215 1240467307 0
cfg 65656 1949320951 2
cfg 65657 4115666142 0
cfg 65658 3773845769 0
cfg 65659 4190111176 1
cfg 65660 989865591 1
cfg 65661 3312459782 3
cfg 65662 676333928 0
cfg 65663 3135255145 2
cfg 65664 2703232305 1
cfg 65665 4280293515 1
cfg 65666 2441095727 0
cfg 65667 1513096094 0
cfg 65668 4126144876 0
cfg 65669 4072683021 0
cfg 65670 2866809087 0
cfg 65671 4005567270 3
cfg 65672 460329406 0
cfg 65673 659555737 0
cfg 65674 309335926 0
cfg 65675 1401951480 2
cfg 65676 3849325685 0
cfg 65677 1858084116 1
cfg 65678 674254028 0
cfg 65679 30411069 2
style 5
arm 3
cfg 196704 322966405 0
cfg 196705 653286706 0
cfg 196706 80747692 0
cfg 196707 439348390 0
cfg 196708 20970067 0
cfg 196709 643826542 0
cfg 196710 26218965 0
cfg 196711 173019183 0
cfg 196712 250614288 0
cfg 196713 67118169 0
cfg 196714 680530074 0
cfg 196715 168826871 0
cfg 196716 495979834 0
cfg 196717 153103141 0
cfg 196718 1733278687 0
cfg 196719 744499181 0
cfg 196720 20974647 0
cfg 196721 368051884 0
cfg 196722 69208178 0
cfg 196723 18877220 0
cfg 196724 784345250 0
cfg 196725 296757718 0
cfg 196726 367013943 0
cfg 196727 105906032 0
cfg 131168 149963519 0
cfg 131169 1496313683 0
cfg 131170 2096128853 0
cfg 131171 1719663746 0
cfg 131172 1650469641 0
cfg 131173 412089789 0
cfg 131174 3589278748 2
cfg 131175 531654405 0
cfg 131176 1875900493 0
cfg 131177 541069253 0
cfg 131178 3566195069 0
cfg 131179 3625978604 0
cfg 131180 1731188395 0
cfg 131181 2571093884 0
cfg 131182 3150955578 1
cfg 131183 1213195387 0
cfg 131184 1679854211 0
cfg 131185 2765083583 5
cfg 131186 318758757 2
cfg 131187 693112703 0
cfg 131188 4132442649 0
cfg 131189 2129651344 0
cfg 131190 2582630602 0
cfg 131191 1240467307 0
style 4
arm 4
cfg 262264 1182806559 1
cfg 262265 3497023758 0
cfg 262266 563059358 1
cfg 262267 3796877105 1
cfg 262268 4205841510 1
cfg 262269 3422540736 0
cfg 262270 2942279436 8
cfg 262271 2252313531 0
cfg 262272 1843413571 0
cfg 262273 2189449609 1
cfg 262274 2493501554 0
cfg 262275 3161432319 0
cfg 262276 2082454901 0
cfg 262277 8417361 1
cfg 262278 1077935073 0
cfg 262279 2863679396 0
cfg 262280 551577434 1
cfg 262281 2967474927 4
cfg 262282 852483552 3
cfg 262283 1313857330 2
cfg 262284 2009061832 0
cfg 262285 833603673 1
cfg 262286 2352041479 2
cfg 262287 3339730411 0
cfg 196728 322966405 0
cfg 196729 653286706 0
cfg 196730 80747692 0
cfg 196731 439348390 0
cfg 196732 20970067 0
cfg 196733 643826542 0
cfg 196734 26218965 0
cfg 196735 173019183 0
cfg 196736 250614288 0
cfg 196737 67118169 0
cfg 196738 680530074 0
cfg 196739 168826871 0
cfg 196740 495979834 0
cfg 196741 153103141 0
cfg 196742 1733278687 0
cfg 196743 744499181 0
cfg 196744 20974647 0
cfg 196745 368051884 0
cfg 196746 69208178 0
cfg 196747 18877220 0
cfg 196748 784345250 0
cfg 196749 296757718 0
cfg 196750 367013943 0
cfg 196751 105906032 0
style 5
arm 5
cfg 327776 248516025 0
cfg 327777 868218752 0
cfg 327778 274738303 0
cfg 327779 84934501 0
cfg 327780 185593663 0
cfg 327781 294658053 0
cfg 327782 117438320 0
cfg 327783 161487859 0
cfg 327784 207621883 0
cfg 327785 242232655 0
cfg 327786 562048980 0
cfg 327787 942669388 0
cfg 327788 137364463 0
cfg 327789 39847711 0
cfg 327790 529535874 0
cfg 327791 691003532 0
cfg 327792 171971931 0
cfg 327793 279975898 0
cfg 327794 162528268 0
cfg 327795 640680948 0
cfg 327796 317714896 0
cfg 327797 320864216 0
cfg 327798 165680379 0
cfg 327799 488623873 0
cfg 262240 1182806559 1
cfg 262241 3497023758 0
cfg 262242 563059358 1
cfg 262243 3796877105 1
cfg 262244 4205841510 1
cfg 262245 3422540736 0
cfg 262246 2942279436 8
cfg 262247 2252313531 0
cfg 262248 1843413571 0
cfg 262249 2189449609 1
cfg 262250 2493501554 0
cfg 262251 3161432319 0
cfg 262252 2082454901 0
cfg 262253 8417361 1
cfg 262254 1077935073 0
cfg 262255 2863679396 0
cfg 262256 551577434 1
cfg 262257 2967474927 4
cfg 262258 852483552 3
cfg 262259 1313857330 2
cfg 262260 2009061832 0
cfg 262261 833603673 1
cfg 262262 2352041479 2
cfg 262263 3339730411 0
style 4
arm 6
cfg 393336 1309669903 0
cfg 393337 1366289888 0
cfg 393338 3980392519 0
cfg 393339 1025520039 0
cfg 393340 4048555887 0
cfg 393341 988818903 0
cfg 393342 3243245098 2
cfg 393343 1639953286 0
cfg 393344 2295332666 0
cfg 393345 1726964167 0
cfg 393346 457174414 0
cfg 393347 1609555737 0
cfg 393348 1286586445 1
cfg 393349 520099182 0
cfg 393350 711988460 0
cfg 393351 1683995401 0
cfg 393352 834666394 2
cfg 393353 975188578 0
cfg 393354 1837087835 0
cfg 393355 1024455582 0
cfg 393356 758123155 0
cfg 393357 1987030902 0
cfg 393358 1204775985 0
cfg 393359 3428850834 0
cfg 327800 248516025 0
cfg 327801 868218752 0
cfg 327802 274738303 0
cfg 327803 84934501 0
cfg 327804 185593663 0
cfg 327805 294658053 0
cfg 327806 117438320 0
cfg 327807 161487859 0
cfg 327808 207621883 0
cfg 327809 242232655 0
cfg 327810 562048980 0
cfg 327811 942669388 0
cfg 327812 137364463 0
cfg 327813 39847711 0
cfg 327814 529535874 0
cfg 327815 691003532 0
cfg 327816 171971931 0
cfg 327817 279975898 0
cfg 327818 162528268 0
cfg 327819 640680948 0
cfg 327820 317714896 0
cfg 327821 320864216 0
cfg 327822 165680379 0
cfg 327823 488623873 0
style 5
arm 7
cfg 458848 199228002 0
cfg 458849 133169780 0
cfg 458850 136317990 0
cfg 458851 947898375 0
cfg 458852 826281525 0
cfg 458853 233834874 0
cfg 458854 1519389465 0
cfg 458855 266342627 0
cfg 458856 565177232 0
cfg 458857 892363293 0
cfg 458858 788534884 0
cfg 458859 495983728 0
cfg 458860 188744153 0
cfg 458861 344982004 0
cfg 458862 1206920418 0
cfg 458863 392176840 0
cfg 458864 480251348 0
cfg 458865 543171393 0
cfg 458866 867178647 0
cfg 458867 485493200 0
cfg 458868 641734769 0
cfg 458869 778056353 0
cfg 458870 193988021 0
cfg 458871 439365104 0
cfg 393312 1309669903 0
cfg 393313 1366289888 0
cfg 393314 3980392519 0
cfg 393315 1025520039 0
cfg 393316 4048555887 0
cfg 393317 988818903 0
cfg 393318 3243245098 2
cfg 393319 1639953286 0
cfg 393320 2295332666 0
cfg 393321 1726964167 0
cfg 393322 457174414 0
cfg 393323 1609555737 0
cfg 393324 1286586445 1
cfg 393325 520099182 0
cfg 393326 711988460 0
cfg 393327 1683995401 0
cfg 393328 834666394 2
cfg 393329 975188578 0
cfg 393330 1837087835 0
cfg 393331 1024455582 0
cfg 393332 758123155 0
cfg 393333 1987030902 0
cfg 393334 1204775985 0
cfg 393335 3428850834 0
style 4
arm 8
cfg 524408 2637166510 0
cfg 524409 1448084337 0
cfg 524410 4271901613 0
cfg 524411 3769627412 2
cfg 524412 1267737171 0
cfg 524413 1053815424 0
cfg 524414 1515195031 1
cfg 524415 2769304460 0
cfg 524416 860881832 0
cfg 524417 443555200 0
cfg 524418 2470442982 0
cfg 524419 1365261853 0
cfg 524420 589310079 1
cfg 524421 1908412239 1
cfg 524422 3658485305 0
cfg 524423 2356139232 0
cfg 524424 1370511029 0
cfg 524425 2300595623 0
cfg 524426 2022706683 0
cfg 524427 1111481987 0
cfg 524428 602942205 0
cfg 524429 2349857317 0
cfg 524430 2063595212 0
cfg 524431 2562710320 0
cfg 458872 199228002 0
cfg 458873 133169780 0
cfg 458874 136317990 0
cfg 458875 947898375 0
cfg 458876 826281525 0
cfg 458877 233834874 0
cfg 458878 1519389465 0
cfg 458879 266342627 0
cfg 458880 565177232 0
cfg 458881 892363293 0
cfg 458882 788534884 0
cfg 458883 495983728 0
cfg 458884 188744153 0
cfg 458885 344982004 0
cfg 458886 1206920418 0
cfg 458887 392176840 0
cfg 458888 480251348 0
cfg 458889 543171393 0
cfg 458890 867178647 0
cfg 458891 485493200 0
cfg 458892 641734769 0
cfg 458893 778056353 0
cfg 458894 193988021 0
cfg 458895 439365104 0
style 5
arm 9
cfg 589920 1567618728 0
cfg 589921 1711267345 0
cfg 589922 832570117 0
cfg 589923 829419654 0
cfg 589924 991957439 0
cfg 589925 977272206 0
cfg 589926 1911548996 0
cfg 589927 754985903 0
cfg 589928 465566641 0
cfg 589929 1153438355 0
cfg 589930 459278883 0
cfg 589931 589308278 0
cfg 589932 1012926449 0
cfg 589933 840956197 0
cfg 589934 1069550145 0
cfg 589935 2314207858 0
cfg 589936 587206219 0
cfg 589937 2364536516 0
cfg 589938 1967134530 0
cfg 589939 734005883 0
cfg 589940 435154444 0
cfg 589941 938479015 0
cfg 589942 4234151691 63
cfg 589943 629153488 0
cfg 524384 2637166510 0
cfg 524385 1448084337 0
cfg 524386 4271901613 0
cfg 524387 3769627412 2
cfg 524388 1267737171 0
cfg 524389 1053815424 0
cfg 524390 1515195031 1
cfg 524391 2769304460 0
cfg 524392 860881832 0
cfg 524393 443555200 0
cfg 524394 2470442982 0
cfg 524395 1365261853 0
cfg 524396 589310079 1
cfg 524397 1908412239 1
cfg 524398 3658485305 0
cfg 524399 2356139232 0
cfg 524400 1370511029 0
cfg 524401 2300595623 0
cfg 524402 2022706683 0
cfg 524403 1111481987 0
cfg 524404 602942205 0
cfg 524405 2349857317 0
cfg 524406 2063595212 0
cfg 524407 2562710320 0
style 4
arm 10
cfg 655480 2240807928 4
cfg 655481 3234856488 1
cfg 655482 1423992724 3
cfg 655483 136314600 3
cfg 655484 3478139903 0
cfg 655485 3323983323 2
cfg 655486 316670338 10
cfg 655487 410009243 1
cfg 655488 100657668 1
cfg 655489 3744448394 2
cfg 655490 1440738450 4
cfg 655491 740287761 2
cfg 655492 2995797750 0
cfg 655493 3892324881 0
cfg 655494 2028991630 5
cfg 655495 2666522067 3
cfg 655496 2925557788 1
cfg 655497 3698329669 1
cfg 655498 809513334 1
cfg 655499 4155519239 0
cfg 655500 3557812597 1
cfg 655501 3739215636 0
cfg 655502 39863521 3
cfg 655503 3487555974 2
cfg 589944 1567618728 0
cfg 589945 1711267345 0
cfg 589946 832570117 0
cfg 589947 829419654 0
cfg 589948 991957439 0
cfg 589949 977272206 0
cfg 589950 1911548996 0
cfg 589951 754985903 0
cfg 589952 465566641 0
cfg 589953 1153438355 0
cfg 589954 459278883 0
cfg 589955 589308278 0
cfg 589956 1012926449 0
cfg 589957 840956197 0
cfg 589958 1069550145 0
cfg 589959 2314207858 0
cfg 589960 587206219 0
cfg 589961 2364536516 0
cfg 589962 1967134530 0
cfg 589963 734005883 0
cfg 589964 435154444 0
cfg 589965 938479015 0
cfg 589966 4234151691 63
cfg 589967 629153488 0
style 5
arm 11
cfg 720960 3874434590 1
cfg 720961 2494547996 6
cfg 720962 735066027 3
cfg 720963 3858827837 4
cfg 720964 3092254703 4
cfg 720965 563084476 0
cfg 720966 1805661475 4
cfg 720967 189789500 10
cfg 720968 2828035653 4
cfg 720969 1553985248 2
cfg 720970 3663727798 3
cfg 720971 2387599778 1
cfg 720972 1148187419 4
cfg 720973 3668972009 4
cfg 720974 2590012144 2
cfg 720975 3003120348 1
cfg 655456 2240807928 4
cfg 655457 3234856488 1
cfg 655458 1423992724 3
cfg 655459 136314600 3
cfg 655460 3478139903 0
cfg 655461 3323983323 2
cfg 655462 316670338 10
cfg 655463 410009243 1
cfg 655464 100657668 1
cfg 655465 3744448394 2
cfg 655466 1440738450 4
cfg 655467 740287761 2
cfg 655468 2995797750 0
cfg 655469 3892324881 0
cfg 655470 2028991630 5
cfg 655471 2666522067 3
cfg 655472 2925557788 1
cfg 655473 3698329669 1
cfg 655474 809513334 1
cfg 655475 4155519239 0
cfg 655476 3557812597 1
cfg 655477 3739215636 0
cfg 655478 39863521 3
cfg 655479 3487555974 2
style 4
arm 0
