style 4
arm 0
cfg 80 1473269351 1
cfg 81 3299854102 0
cfg 82 3187671805 3
cfg 83 2649758802 0
cfg 84 1788864611 1
cfg 85 1091569784 3
cfg 86 3397373112 0
cfg 87 1199578221 1
cfg 88 3269461014 3
cfg 89 236977998 7
cfg 90 1967128306 5
cfg 91 3544177883 0
cfg 92 3835692318 2
cfg 93 2560628353 0
cfg 94 3147824423 3
cfg 95 1695547518 7
style 5
arm 1
cfg 65632 503327276 7
cfg 65633 2497711395 2
cfg 65634 1822437332 2
cfg 65635 2415920464 4
cfg 65636 2839549561 2
cfg 65637 83890763 9
cfg 65638 1169163483 0
cfg 65639 2522882413 6
cfg 65640 1071647258 4
cfg 65641 4060089892 4
cfg 65642 2944408165 1
cfg 65643 3784309946 0
cfg 65644 4090493753 1
cfg 65645 3977257557 2
cfg 65646 3011511702 1
cfg 65647 1366297999 9
cfg 65648 1180699294 0
cfg 65649 349176759 0
cfg 65650 1093668280 1
cfg 65651 281021568 5
cfg 65652 1197475616 1
cfg 65653 945820698 3
cfg 65654 4254084312 1
cfg 65655 2706377173 5
cfg 64 1473269351 1
cfg 65 3299854102 0
cfg 66 3187671805 3
cfg 67 2649758802 0
cfg 68 1788864611 1
cfg 69 1091569784 3
cfg 70 3397373112 0
cfg 71 1199578221 1
cfg 72 3269461014 3
cfg 73 236977998 7
cfg 74 1967128306 5
cfg 75 3544177883 0
cfg 76 3835692318 2
cfg 77 2560628353 0
cfg 78 3147824423 3
cfg 79 1695547518 7
style 4
arm 2
cfg 131192 91233555 0
cfg 131193 1545598751 0
cfg 131194 2075145437 0
cfg 131195 1799355856 0
cfg 131196 2090866968 0
cfg 131197 393217131 0
cfg 131198 3864003865 3
cfg 131199 561000522 0
cfg 131200 1563426424 0
cfg 131201 369101312 0
cfg 131202 3097489741 0
cfg 131203 3393194053 0
cfg 131204 1702881478 0
cfg 131205 2696930568 0
cfg 131206 2337267837 1
cfg 131207 1093660941 0
cfg 131208 1473268167 0
cfg 131209 1261419168 9
cfg 131210 2962225251 1
cfg 131211 599787786 0
cfg 131212 3110078904 0
cfg 131213 2210396657 0
cfg 131214 1941953360 0
cfg 131215 1064305848 0
cfg 65656 503327276 7
cfg 65657 2497711395 2
cfg 65658 1822437332 2
cfg 65659 2415920464 4
cfg 65660 2839549561 2
cfg 65661 83890763 9
cfg 65662 1169163483 0
cfg 65663 2522882413 6
cfg 65664 1071647258 4
cfg 65665 4060089892 4
cfg 65666 2944408165 1
cfg 65667 3784309946 0
cfg 65668 4090493753 1
cfg 65669 3977257557 2
cfg 65670 3011511702 1
cfg 65671 1366297999 9
cfg 65672 1180699294 0
cfg 65673 349176759 0
cfg 65674 1093668280 1
cfg 65675 281021568 5
cfg 65676 1197475616 1
cfg 65677 945820698 3
cfg 65678 4254084312 1
cfg 65679 2706377173 5
style 5
arm 3
cfg 196704 354421634 0
cfg 196705 676346003 0
cfg 196706 119542272 0
cfg 196707 457175760 0
cfg 196708 12581933 0
cfg 196709 734003244 0
cfg 196710 27265704 0
cfg 196711 241175639 0
cfg 196712 292555387 0
cfg 196713 108009348 0
cfg 196714 818940303 0
cfg 196715 200281720 0
cfg 196716 558893293 0
cfg 196717 192945441 0
cfg 196718 3276780230 0
cfg 196719 885005078 0
cfg 196720 38799522 0
cfg 196721 521143816 0
cfg 196722 88081926 0
cfg 196723 29362343 0
cfg 196724 796923828 0
cfg 196725 307239191 0
cfg 196726 525345234 0
cfg 196727 95420229 0
cfg 131168 91233555 0
cfg 131169 1545598751 0
cfg 131170 2075145437 0
cfg 131171 1799355856 0
cfg 131172 2090866968 0
cfg 131173 393217131 0
cfg 131174 3864003865 3
cfg 131175 561000522 0
cfg 131176 1563426424 0
cfg 131177 369101312 0
cfg 131178 3097489741 0
cfg 131179 3393194053 0
cfg 131180 1702881478 0
cfg 131181 2696930568 0
cfg 131182 2337267837 1
cfg 131183 1093660941 0
cfg 131184 1473268167 0
cfg 131185 1261419168 9
cfg 131186 2962225251 1
cfg 131187 599787786 0
cfg 131188 3110078904 0
cfg 131189 2210396657 0
cfg 131190 1941953360 0
cfg 131191 1064305848 0
style 4
arm 4
cfg 262264 3409975585 0
cfg 262265 2823827577 0
cfg 262266 4001352780 0
cfg 262267 3512720885 1
cfg 262268 3914335628 1
cfg 262269 2713709454 0
cfg 262270 206554884 8
cfg 262271 1902104208 0
cfg 262272 1758470299 0
cfg 262273 467675695 1
cfg 262274 1774184946 0
cfg 262275 3175076692 0
cfg 262276 1829755608 0
cfg 262277 2817539611 0
cfg 262278 1048575471 0
cfg 262279 2179999575 0
cfg 262280 4255135492 0
cfg 262281 2975861101 3
cfg 262282 1232071590 2
cfg 262283 31451606 2
cfg 262284 1478487018 0
cfg 262285 586146868 1
cfg 262286 4064318512 1
cfg 262287 2479890813 0
cfg 196728 354421634 0
cfg 196729 676346003 0
cfg 196730 119542272 0
cfg 196731 457175760 0
cfg 196732 12581933 0
cfg 196733 734003244 0
cfg 196734 27265704 0
cfg 196735 241175639 0
cfg 196736 292555387 0
cfg 196737 108009348 0
cfg 196738 818940303 0
cfg 196739 200281720 0
cfg 196740 558893293 0
cfg 196741 192945441 0
cfg 196742 3276780230 0
cfg 196743 885005078 0
cfg 196744 38799522 0
cfg 196745 521143816 0
cfg 196746 88081926 0
cfg 196747 29362343 0
cfg 196748 796923828 0
cfg 196749 307239191 0
cfg 196750 525345234 0
cfg 196751 95420229 0
style 5
arm 5
cfg 327776 180356217 0
cfg 327777 956300048 0
cfg 327778 293608697 0
cfg 327779 119537652 0
cfg 327780 247461009 0
cfg 327781 362812941 0
cfg 327782 150993658 0
cfg 327783 207622587 0
cfg 327784 268437973 0
cfg 327785 296754535 0
cfg 327786 536878188 0
cfg 327787 1022361254 0
cfg 327788 170918980 0
cfg 327789 41944402 0
cfg 327790 728764442 0
cfg 327791 792719664 0
cfg 327792 169873082 0
cfg 327793 347083090 0
cfg 327794 177208749 0
cfg 327795 638583898 0
cfg 327796 404748066 0
cfg 327797 429916043 0
cfg 327798 198184265 0
cfg 327799 552592752 0
cfg 262240 3409975585 0
cfg 262241 2823827577 0
cfg 262242 4001352780 0
cfg 262243 3512720885 1
cfg 262244 3914335628 1
cfg 262245 2713709454 0
cfg 262246 206554884 8
cfg 262247 1902104208 0
cfg 262248 1758470299 0
cfg 262249 467675695 1
cfg 262250 1774184946 0
cfg 262251 3175076692 0
cfg 262252 1829755608 0
cfg 262253 2817539611 0
cfg 262254 1048575471 0
cfg 262255 2179999575 0
cfg 262256 4255135492 0
cfg 262257 2975861101 3
cfg 262258 1232071590 2
cfg 262259 31451606 2
cfg 262260 1478487018 0
cfg 262261 586146868 1
cfg 262262 4064318512 1
cfg 262263 2479890813 0
style 4
arm 6
cfg 393336 3252682419 0
cfg 393337 4029675965 0
cfg 393338 3966760838 1
cfg 393339 2648707656 0
cfg 393340 409994598 2
cfg 393341 2030047187 0
cfg 393342 2712666645 6
cfg 393343 2715806257 0
cfg 393344 862978495 1
cfg 393345 3839871812 0
cfg 393346 821034421 0
cfg 393347 3806328026 0
cfg 393348 4047497442 2
cfg 393349 1177553147 0
cfg 393350 1851787018 0
cfg 393351 537912260 1
cfg 393352 3167749114 5
cfg 393353 1673531616 0
cfg 393354 2965367006 0
cfg 393355 2204106107 0
cfg 393356 1827668795 0
cfg 393357 427812116 1
cfg 393358 2420101429 0
cfg 393359 1836059171 1
cfg 327800 180356217 0
cfg 327801 956300048 0
cfg 327802 293608697 0
cfg 327803 119537652 0
cfg 327804 247461009 0
cfg 327805 362812941 0
cfg 327806 150993658 0
cfg 327807 207622587 0
cfg 327808 268437973 0
cfg 327809 296754535 0
cfg 327810 536878188 0
cfg 327811 1022361254 0
cfg 327812 170918980 0
cfg 327813 41944402 0
cfg 327814 728764442 0
cfg 327815 792719664 0
cfg 327816 169873082 0
cfg 327817 347083090 0
cfg 327818 177208749 0
cfg 327819 638583898 0
cfg 327820 404748066 0
cfg 327821 429916043 0
cfg 327822 198184265 0
cfg 327823 552592752 0
style 5
arm 7
cfg 458848 342883747 0
cfg 458849 284164703 0
cfg 458850 133171745 0
cfg 458851 1072685499 0
cfg 458852 1090521396 0
cfg 458853 605030642 0
cfg 458854 2898266011 0
cfg 458855 494930767 0
cfg 458856 1261433272 0
cfg 458857 1587559315 0
cfg 458858 1473253552 0
cfg 458859 894441157 0
cfg 458860 258999095 0
cfg 458861 442499673 0
cfg 458862 1908413891 0
cfg 458863 829430361 0
cfg 458864 862980864 0
cfg 458865 1046484944 0
cfg 458866 1220547191 0
cfg 458867 910164672 0
cfg 458868 1322259148 0
cfg 458869 1317018365 0
cfg 458870 174064681 0
cfg 458871 927997993 0
cfg 393312 3252682419 0
cfg 393313 4029675965 0
cfg 393314 3966760838 1
cfg 393315 2648707656 0
cfg 393316 409994598 2
cfg 393317 2030047187 0
cfg 393318 2712666645 6
cfg 393319 2715806257 0
cfg 393320 862978495 1
cfg 393321 3839871812 0
cfg 393322 821034421 0
cfg 393323 3806328026 0
cfg 393324 4047497442 2
cfg 393325 1177553147 0
cfg 393326 1851787018 0
cfg 393327 537912260 1
cfg 393328 3167749114 5
cfg 393329 1673531616 0
cfg 393330 2965367006 0
cfg 393331 2204106107 0
cfg 393332 1827668795 0
cfg 393333 427812116 1
cfg 393334 2420101429 0
cfg 393335 1836059171 1
style 4
arm 8
cfg 524408 3163553858 0
cfg 524409 2522873832 0
cfg 524410 454031116 1
cfg 524411 2729442073 3
cfg 524412 1755320300 0
cfg 524413 1409284642 0
cfg 524414 3393193035 1
cfg 524415 3325039949 0
cfg 524416 1127219982 0
cfg 524417 622857891 0
cfg 524418 3387947620 0
cfg 524419 1516248166 0
cfg 524420 1828719687 1
cfg 524421 3147826981 1
cfg 524422 3531605172 0
cfg 524423 3166695272 0
cfg 524424 1762665210 0
cfg 524425 3958383956 0
cfg 524426 2375025992 0
cfg 524427 1430253550 0
cfg 524428 833622606 0
cfg 524429 3157261601 0
cfg 524430 2913992060 0
cfg 524431 2921329897 0
cfg 458872 342883747 0
cfg 458873 284164703 0
cfg 458874 133171745 0
cfg 458875 1072685499 0
cfg 458876 1090521396 0
cfg 458877 605030642 0
cfg 458878 2898266011 0
cfg 458879 494930767 0
cfg 458880 1261433272 0
cfg 458881 1587559315 0
cfg 458882 1473253552 0
cfg 458883 894441157 0
cfg 458884 258999095 0
cfg 458885 442499673 0
cfg 458886 1908413891 0
cfg 458887 829430361 0
cfg 458888 862980864 0
cfg 458889 1046484944 0
cfg 458890 1220547191 0
cfg 458891 910164672 0
cfg 458892 1322259148 0
cfg 458893 1317018365 0
cfg 458894 174064681 0
cfg 458895 927997993 0
style 5
arm 9
cfg 589920 1594883375 0
cfg 589921 1761603624 0
cfg 589922 711983503 0
cfg 589923 756021955 0
cfg 589924 932186588 0
cfg 589925 855638064 0
cfg 589926 2293233080 0
cfg 589927 674239014 0
cfg 589928 522190262 0
cfg 589929 1181747428 0
cfg 589930 541066503 0
cfg 589931 652218984 0
cfg 589932 936379331 0
cfg 589933 691011124 0
cfg 589934 997197042 0
cfg 589935 2519727415 0
cfg 589936 548407113 0
cfg 589937 2587885111 0
cfg 589938 1578109612 0
cfg 589939 873464515 0
cfg 589940 434108542 0
cfg 589941 989857533 0
cfg 589942 4215276463 63
cfg 589943 586157304 0
cfg 524384 3163553858 0
cfg 524385 2522873832 0
cfg 524386 454031116 1
cfg 524387 2729442073 3
cfg 524388 1755320300 0
cfg 524389 1409284642 0
cfg 524390 3393193035 1
cfg 524391 3325039949 0
cfg 524392 1127219982 0
cfg 524393 622857891 0
cfg 524394 3387947620 0
cfg 524395 1516248166 0
cfg 524396 1828719687 1
cfg 524397 3147826981 1
cfg 524398 3531605172 0
cfg 524399 3166695272 0
cfg 524400 1762665210 0
cfg 524401 3958383956 0
cfg 524402 2375025992 0
cfg 524403 1430253550 0
cfg 524404 833622606 0
cfg 524405 3157261601 0
cfg 524406 2913992060 0
cfg 524407 2921329897 0
style 4
arm 10
cfg 655480 901776057 4
cfg 655481 4087348900 1
cfg 655482 2963291294 3
cfg 655483 811597736 3
cfg 655484 701505933 1
cfg 655485 2489317276 2
cfg 655486 1443889343 11
cfg 655487 490741577 1
cfg 655488 1906308304 1
cfg 655489 4167033013 1
cfg 655490 522187402 4
cfg 655491 2920279565 1
cfg 655492 3407880991 0
cfg 655493 1241521533 1
cfg 655494 2539648699 5
cfg 655495 2494561121 3
cfg 655496 4085270497 1
cfg 655497 2087717162 2
cfg 655498 1669340336 1
cfg 655499 1347429035 1
cfg 655500 3595563938 1
cfg 655501 4126142862 0
cfg 655502 592457374 4
cfg 655503 667938272 3
cfg 589944 1594883375 0
cfg 589945 1761603624 0
cfg 589946 711983503 0
cfg 589947 756021955 0
cfg 589948 932186588 0
cfg 589949 855638064 0
cfg 589950 2293233080 0
cfg 589951 674239014 0
cfg 589952 522190262 0
cfg 589953 1181747428 0
cfg 589954 541066503 0
cfg 589955 652218984 0
cfg 589956 936379331 0
cfg 589957 691011124 0
cfg 589958 997197042 0
cfg 589959 2519727415 0
cfg 589960 548407113 0
cfg 589961 2587885111 0
cfg 589962 1578109612 0
cfg 589963 873464515 0
cfg 589964 434108542 0
cfg 589965 989857533 0
cfg 589966 4215276463 63
cfg 589967 586157304 0
style 5
arm 11
cfg 720960 3107950941 1
cfg 720961 1794110287 5
cfg 720962 1715476882 2
cfg 720963 2545972957 3
cfg 720964 145753654 4
cfg 720965 996147236 0
cfg 720966 468720641 4
cfg 720967 3934249021 6
cfg 720968 1875916352 3
cfg 720969 3942641907 1
cfg 720970 2973762209 3
cfg 720971 2498754085 2
cfg 720972 2548036572 3
cfg 720973 887096233 4
cfg 720974 2486192082 2
cfg 720975 1895826056 1
cfg 655456 901776057 4
cfg 655457 4087348900 1
cfg 655458 2963291294 3
cfg 655459 811597736 3
cfg 655460 701505933 1
cfg 655461 2489317276 2
cfg 655462 1443889343 11
cfg 655463 490741577 1
cfg 655464 1906308304 1
cfg 655465 4167033013 1
cfg 655466 522187402 4
cfg 655467 2920279565 1
cfg 655468 3407880991 0
cfg 655469 1241521533 1
cfg 655470 2539648699 5
cfg 655471 2494561121 3
cfg 655472 4085270497 1
cfg 655473 2087717162 2
cfg 655474 1669340336 1
cfg 655475 1347429035 1
cfg 655476 3595563938 1
cfg 655477 4126142862 0
cfg 655478 592457374 4
cfg 655479 667938272 3
style 4
arm 0
cfg 80 1473269351 1
cfg 81 3299854102 0
cfg 82 3187671805 3
cfg 83 2649758802 0
cfg 84 1788864611 1
cfg 85 1091569784 3
cfg 86 3397373112 0
cfg 87 1199578221 1
cfg 88 3269461014 3
cfg 89 236977998 7
cfg 90 1967128306 5
cfg 91 3544177883 0
cfg 92 3835692318 2
cfg 93 2560628353 0
cfg 94 3147824423 3
cfg 95 1695547518 7
cfg 720976 3107950941 1
cfg 720977 1794110287 5
cfg 720978 1715476882 2
cfg 720979 2545972957 3
cfg 720980 145753654 4
cfg 720981 996147236 0
cfg 720982 468720641 4
cfg 720983 3934249021 6
cfg 720984 1875916352 3
cfg 720985 3942641907 1
cfg 720986 2973762209 3
cfg 720987 2498754085 2
cfg 720988 2548036572 3
cfg 720989 887096233 4
cfg 720990 2486192082 2
cfg 720991 1895826056 1
style 5
arm 1
cfg 65632 503327276 7
cfg 65633 2497711395 2
cfg 65634 1822437332 2
cfg 65635 2415920464 4
cfg 65636 2839549561 2
cfg 65637 83890763 9
cfg 65638 1169163483 0
cfg 65639 2522882413 6
cfg 65640 1071647258 4
cfg 65641 4060089892 4
cfg 65642 2944408165 1
cfg 65643 3784309946 0
cfg 65644 4090493753 1
cfg 65645 3977257557 2
cfg 65646 3011511702 1
cfg 65647 1366297999 9
cfg 65648 1180699294 0
cfg 65649 349176759 0
cfg 65650 1093668280 1
cfg 65651 281021568 5
cfg 65652 1197475616 1
cfg 65653 945820698 3
cfg 65654 4254084312 1
cfg 65655 2706377173 5
cfg 64 1473269351 1
cfg 65 3299854102 0
cfg 66 3187671805 3
cfg 67 2649758802 0
cfg 68 1788864611 1
cfg 69 1091569784 3
cfg 70 3397373112 0
cfg 71 1199578221 1
cfg 72 3269461014 3
cfg 73 236977998 7
cfg 74 1967128306 5
cfg 75 3544177883 0
cfg 76 3835692318 2
cfg 77 2560628353 0
cfg 78 3147824423 3
cfg 79 1695547518 7
style 4
arm 2
cfg 131192 91233555 0
cfg 131193 1545598751 0
cfg 131194 2075145437 0
cfg 131195 1799355856 0
cfg 131196 2090866968 0
cfg 131197 393217131 0
cfg 131198 3864003865 3
cfg 131199 561000522 0
cfg 131200 1563426424 0
cfg 131201 369101312 0
cfg 131202 3097489741 0
cfg 131203 3393194053 0
cfg 131204 1702881478 0
cfg 131205 2696930568 0
cfg 131206 2337267837 1
cfg 131207 1093660941 0
cfg 131208 1473268167 0
cfg 131209 1261419168 9
cfg 131210 2962225251 1
cfg 131211 599787786 0
cfg 131212 3110078904 0
cfg 131213 2210396657 0
cfg 131214 1941953360 0
cfg 131215 1064305848 0
cfg 65656 503327276 7
cfg 65657 2497711395 2
cfg 65658 1822437332 2
cfg 65659 2415920464 4
cfg 65660 2839549561 2
cfg 65661 83890763 9
cfg 65662 1169163483 0
cfg 65663 2522882413 6
cfg 65664 1071647258 4
cfg 65665 4060089892 4
cfg 65666 2944408165 1
cfg 65667 3784309946 0
cfg 65668 4090493753 1
cfg 65669 3977257557 2
cfg 65670 3011511702 1
cfg 65671 1366297999 9
cfg 65672 1180699294 0
cfg 65673 349176759 0
cfg 65674 1093668280 1
cfg 65675 281021568 5
cfg 65676 1197475616 1
cfg 65677 945820698 3
cfg 65678 4254084312 1
cfg 65679 2706377173 5
style 5
arm 3
cfg 196704 354421634 0
cfg 196705 676346003 0
cfg 196706 119542272 0
cfg 196707 457175760 0
cfg 196708 12581933 0
cfg 196709 734003244 0
cfg 196710 27265704 0
cfg 196711 241175639 0
cfg 196712 292555387 0
cfg 196713 108009348 0
cfg 196714 818940303 0
cfg 196715 200281720 0
cfg 196716 558893293 0
cfg 196717 192945441 0
cfg 196718 3276780230 0
cfg 196719 885005078 0
cfg 196720 38799522 0
cfg 196721 521143816 0
cfg 196722 88081926 0
cfg 196723 29362343 0
cfg 196724 796923828 0
cfg 196725 307239191 0
cfg 196726 525345234 0
cfg 196727 95420229 0
cfg 131168 91233555 0
cfg 131169 1545598751 0
cfg 131170 2075145437 0
cfg 131171 1799355856 0
cfg 131172 2090866968 0
cfg 131173 393217131 0
cfg 131174 3864003865 3
cfg 131175 561000522 0
cfg 131176 1563426424 0
cfg 131177 369101312 0
cfg 131178 3097489741 0
cfg 131179 3393194053 0
cfg 131180 1702881478 0
cfg 131181 2696930568 0
cfg 131182 2337267837 1
cfg 131183 1093660941 0
cfg 131184 1473268167 0
cfg 131185 1261419168 9
cfg 131186 2962225251 1
cfg 131187 599787786 0
cfg 131188 3110078904 0
cfg 131189 2210396657 0
cfg 131190 1941953360 0
cfg 131191 1064305848 0
style 4
arm 4
cfg 262264 3409975585 0
cfg 262265 2823827577 0
cfg 262266 4001352780 0
cfg 262267 3512720885 1
cfg 262268 3914335628 1
cfg 262269 2713709454 0
cfg 262270 206554884 8
cfg 262271 1902104208 0
cfg 262272 1758470299 0
cfg 262273 467675695 1
cfg 262274 1774184946 0
cfg 262275 3175076692 0
cfg 262276 1829755608 0
cfg 262277 2817539611 0
cfg 262278 1048575471 0
cfg 262279 2179999575 0
cfg 262280 4255135492 0
cfg 262281 2975861101 3
cfg 262282 1232071590 2
cfg 262283 31451606 2
cfg 262284 1478487018 0
cfg 262285 586146868 1
cfg 262286 4064318512 1
cfg 262287 2479890813 0
cfg 196728 354421634 0
cfg 196729 676346003 0
cfg 196730 119542272 0
cfg 196731 457175760 0
cfg 196732 12581933 0
cfg 196733 734003244 0
cfg 196734 27265704 0
cfg 196735 241175639 0
cfg 196736 292555387 0
cfg 196737 108009348 0
cfg 196738 818940303 0
cfg 196739 200281720 0
cfg 196740 558893293 0
cfg 196741 192945441 0
cfg 196742 3276780230 0
cfg 196743 885005078 0
cfg 196744 38799522 0
cfg 196745 521143816 0
cfg 196746 88081926 0
cfg 196747 29362343 0
cfg 196748 796923828 0
cfg 196749 307239191 0
cfg 196750 525345234 0
cfg 196751 95420229 0
style 5
arm 5
cfg 327776 180356217 0
cfg 327777 956300048 0
cfg 327778 293608697 0
cfg 327779 119537652 0
cfg 327780 247461009 0
cfg 327781 362812941 0
cfg 327782 150993658 0
cfg 327783 207622587 0
cfg 327784 268437973 0
cfg 327785 296754535 0
cfg 327786 536878188 0
cfg 327787 1022361254 0
cfg 327788 170918980 0
cfg 327789 41944402 0
cfg 327790 728764442 0
cfg 327791 792719664 0
cfg 327792 169873082 0
cfg 327793 347083090 0
cfg 327794 177208749 0
cfg 327795 638583898 0
cfg 327796 404748066 0
cfg 327797 429916043 0
cfg 327798 198184265 0
cfg 327799 552592752 0
cfg 262240 3409975585 0
cfg 262241 2823827577 0
cfg 262242 4001352780 0
cfg 262243 3512720885 1
cfg 262244 3914335628 1
cfg 262245 2713709454 0
cfg 262246 206554884 8
cfg 262247 1902104208 0
cfg 262248 1758470299 0
cfg 262249 467675695 1
cfg 262250 1774184946 0
cfg 262251 3175076692 0
cfg 262252 1829755608 0
cfg 262253 2817539611 0
cfg 262254 1048575471 0
cfg 262255 2179999575 0
cfg 262256 4255135492 0
cfg 262257 2975861101 3
cfg 262258 1232071590 2
cfg 262259 31451606 2
cfg 262260 1478487018 0
cfg 262261 586146868 1
cfg 262262 4064318512 1
cfg 262263 2479890813 0
style 4
arm 6
cfg 393336 3252682419 0
cfg 393337 4029675965 0
cfg 393338 3966760838 1
cfg 393339 2648707656 0
cfg 393340 409994598 2
cfg 393341 2030047187 0
cfg 393342 2712666645 6
cfg 393343 2715806257 0
cfg 393344 862978495 1
cfg 393345 3839871812 0
cfg 393346 821034421 0
cfg 393347 3806328026 0
cfg 393348 4047497442 2
cfg 393349 1177553147 0
cfg 393350 1851787018 0
cfg 393351 537912260 1
cfg 393352 3167749114 5
cfg 393353 1673531616 0
cfg 393354 2965367006 0
cfg 393355 2204106107 0
cfg 393356 1827668795 0
cfg 393357 427812116 1
cfg 393358 2420101429 0
cfg 393359 1836059171 1
cfg 327800 180356217 0
cfg 327801 956300048 0
cfg 327802 293608697 0
cfg 327803 119537652 0
cfg 327804 247461009 0
cfg 327805 362812941 0
cfg 327806 150993658 0
cfg 327807 207622587 0
cfg 327808 268437973 0
cfg 327809 296754535 0
cfg 327810 536878188 0
cfg 327811 1022361254 0
cfg 327812 170918980 0
cfg 327813 41944402 0
cfg 327814 728764442 0
cfg 327815 792719664 0
cfg 327816 169873082 0
cfg 327817 347083090 0
cfg 327818 177208749 0
cfg 327819 638583898 0
cfg 327820 404748066 0
cfg 327821 429916043 0
cfg 327822 198184265 0
cfg 327823 552592752 0
style 5
arm 7
cfg 458848 342883747 0
cfg 458849 284164703 0
cfg 458850 133171745 0
cfg 458851 1072685499 0
cfg 458852 1090521396 0
cfg 458853 605030642 0
cfg 458854 2898266011 0
cfg 458855 494930767 0
cfg 458856 1261433272 0
cfg 458857 1587559315 0
cfg 458858 1473253552 0
cfg 458859 894441157 0
cfg 458860 258999095 0
cfg 458861 442499673 0
cfg 458862 1908413891 0
cfg 458863 829430361 0
cfg 458864 862980864 0
cfg 458865 1046484944 0
cfg 458866 1220547191 0
cfg 458867 910164672 0
cfg 458868 1322259148 0
cfg 458869 1317018365 0
cfg 458870 174064681 0
cfg 458871 927997993 0
cfg 393312 3252682419 0
cfg 393313 4029675965 0
cfg 393314 3966760838 1
cfg 393315 2648707656 0
cfg 393316 409994598 2
cfg 393317 2030047187 0
cfg 393318 2712666645 6
cfg 393319 2715806257 0
cfg 393320 862978495 1
cfg 393321 3839871812 0
cfg 393322 821034421 0
cfg 393323 3806328026 0
cfg 393324 4047497442 2
cfg 393325 1177553147 0
cfg 393326 1851787018 0
cfg 393327 537912260 1
cfg 393328 3167749114 5
cfg 393329 1673531616 0
cfg 393330 2965367006 0
cfg 393331 2204106107 0
cfg 393332 1827668795 0
cfg 393333 427812116 1
cfg 393334 2420101429 0
cfg 393335 1836059171 1
style 4
arm 8
cfg 524408 3163553858 0
cfg 524409 2522873832 0
cfg 524410 454031116 1
cfg 524411 2729442073 3
cfg 524412 1755320300 0
cfg 524413 1409284642 0
cfg 524414 3393193035 1
cfg 524415 3325039949 0
cfg 524416 1127219982 0
cfg 524417 622857891 0
cfg 524418 3387947620 0
cfg 524419 1516248166 0
cfg 524420 1828719687 1
cfg 524421 3147826981 1
cfg 524422 3531605172 0
cfg 524423 3166695272 0
cfg 524424 1762665210 0
cfg 524425 3958383956 0
cfg 524426 2375025992 0
cfg 524427 1430253550 0
cfg 524428 833622606 0
cfg 524429 3157261601 0
cfg 524430 2913992060 0
cfg 524431 2921329897 0
cfg 458872 342883747 0
cfg 458873 284164703 0
cfg 458874 133171745 0
cfg 458875 1072685499 0
cfg 458876 1090521396 0
cfg 458877 605030642 0
cfg 458878 2898266011 0
cfg 458879 494930767 0
cfg 458880 1261433272 0
cfg 458881 1587559315 0
cfg 458882 1473253552 0
cfg 458883 894441157 0
cfg 458884 258999095 0
cfg 458885 442499673 0
cfg 458886 1908413891 0
cfg 458887 829430361 0
cfg 458888 862980864 0
cfg 458889 1046484944 0
cfg 458890 1220547191 0
cfg 458891 910164672 0
cfg 458892 1322259148 0
cfg 458893 1317018365 0
cfg 458894 174064681 0
cfg 458895 927997993 0
style 5
arm 9
cfg 589920 1594883375 0
cfg 589921 1761603624 0
cfg 589922 711983503 0
cfg 589923 756021955 0
cfg 589924 932186588 0
cfg 589925 855638064 0
cfg 589926 2293233080 0
cfg 589927 674239014 0
cfg 589928 522190262 0
cfg 589929 1181747428 0
cfg 589930 541066503 0
cfg 589931 652218984 0
cfg 589932 936379331 0
cfg 589933 691011124 0
cfg 589934 997197042 0
cfg 589935 2519727415 0
cfg 589936 548407113 0
cfg 589937 2587885111 0
cfg 589938 1578109612 0
cfg 589939 873464515 0
cfg 589940 434108542 0
cfg 589941 989857533 0
cfg 589942 4215276463 63
cfg 589943 586157304 0
cfg 524384 3163553858 0
cfg 524385 2522873832 0
cfg 524386 454031116 1
cfg 524387 2729442073 3
cfg 524388 1755320300 0
cfg 524389 1409284642 0
cfg 524390 3393193035 1
cfg 524391 3325039949 0
cfg 524392 1127219982 0
cfg 524393 622857891 0
cfg 524394 3387947620 0
cfg 524395 1516248166 0
cfg 524396 1828719687 1
cfg 524397 3147826981 1
cfg 524398 3531605172 0
cfg 524399 3166695272 0
cfg 524400 1762665210 0
cfg 524401 3958383956 0
cfg 524402 2375025992 0
cfg 524403 1430253550 0
cfg 524404 833622606 0
cfg 524405 3157261601 0
cfg 524406 2913992060 0
cfg 524407 2921329897 0
style 4
arm 10
cfg 655480 901776057 4
cfg 655481 4087348900 1
cfg 655482 2963291294 3
cfg 655483 811597736 3
cfg 655484 701505933 1
cfg 655485 2489317276 2
cfg 655486 1443889343 11
cfg 655487 490741577 1
cfg 655488 1906308304 1
cfg 655489 4167033013 1
cfg 655490 522187402 4
cfg 655491 2920279565 1
cfg 655492 3407880991 0
cfg 655493 1241521533 1
cfg 655494 2539648699 5
cfg 655495 2494561121 3
cfg 655496 4085270497 1
cfg 655497 2087717162 2
cfg 655498 1669340336 1
cfg 655499 1347429035 1
cfg 655500 3595563938 1
cfg 655501 4126142862 0
cfg 655502 592457374 4
cfg 655503 667938272 3
cfg 589944 1594883375 0
cfg 589945 1761603624 0
cfg 589946 711983503 0
cfg 589947 756021955 0
cfg 589948 932186588 0
cfg 589949 855638064 0
cfg 589950 2293233080 0
cfg 589951 674239014 0
cfg 589952 522190262 0
cfg 589953 1181747428 0
cfg 589954 541066503 0
cfg 589955 652218984 0
cfg 589956 936379331 0
cfg 589957 691011124 0
cfg 589958 997197042 0
cfg 589959 2519727415 0
cfg 589960 548407113 0
cfg 589961 2587885111 0
cfg 589962 1578109612 0
cfg 589963 873464515 0
cfg 589964 434108542 0
cfg 589965 989857533 0
cfg 589966 4215276463 63
cfg 589967 586157304 0
style 5
arm 11
cfg 720960 3107950941 1
cfg 720961 1794110287 5
cfg 720962 1715476882 2
cfg 720963 2545972957 3
cfg 720964 145753654 4
cfg 720965 996147236 0
cfg 720966 468720641 4
cfg 720967 3934249021 6
cfg 720968 1875916352 3
cfg 720969 3942641907 1
cfg 720970 2973762209 3
cfg 720971 2498754085 2
cfg 720972 2548036572 3
cfg 720973 887096233 4
cfg 720974 2486192082 2
cfg 720975 1895826056 1
cfg 655456 901776057 4
cfg 655457 4087348900 1
cfg 655458 2963291294 3
cfg 655459 811597736 3
cfg 655460 701505933 1
cfg 655461 2489317276 2
cfg 655462 1443889343 11
cfg 655463 490741577 1
cfg 655464 1906308304 1
cfg 655465 4167033013 1
cfg 655466 522187402 4
cfg 655467 2920279565 1
cfg 655468 3407880991 0
cfg 655469 1241521533 1
cfg 655470 2539648699 5
cfg 655471 2494561121 3
cfg 655472 4085270497 1
cfg 655473 2087717162 2
cfg 655474 1669340336 1
cfg 655475 1347429035 1
cfg 655476 3595563938 1
cfg 655477 4126142862 0
cfg 655478 592457374 4
cfg 655479 667938272 3
style 4
arm 0
