0 0 -4195704841 266389845252175
0 1 5744688400 507754548781600
0 2 -58401008 1355466408642
0 3 -2857974750 121914699769466
0 4 1196882907 23230549388731
0 5 -212883153 1592170596537
0 6 4882652037 358799454637379
0 7 -1606450219 39846286420355
0 8 -72315384 760084511392
0 9 -4196435 247761029909
0 10 25251594 655853367596
0 11 2647065158 105142470706978
0 12 -66362300 1192091489688
0 13 -2990614879 142778074233719
0 14 107661078 965552528240
0 15 -10924816 214112610254
1 0 25191443 276163269799
1 1 68742673 639098240723
1 2 -23789904 1978471071638
1 3 -22949333 372028569701
1 4 -69171802 1156680872376
1 5 88417334 771444179010
1 6 -84995180 1892663076418
1 7 27660274 194814519540
1 8 13833021 206288125391
1 9 23542624 175526031030
1 10 29240750 380369148522
1 11 104216132 4965443587558
1 12 -187543767 3460931752757
1 13 39019500 831317101974
1 14 41386957 224814219299
1 15 -92908575 757942588543
1 16 -246928504 9675249510460
1 17 7571329 60958396485
1 18 9704395 124910117419
1 19 -48793315 364134152985
1 20 -145097035 2045867884137
1 21 24559698 338476783086
1 22 24713317 62116363007
1 23 -19771766 258895759214
2 0 -391242959 8135460756189
2 1 37313834 81693964994
2 2 -48146808 131640167730
2 3 14713283 28317402207
2 4 22519832 36245657058
2 5 19487605 114477482977
2 6 4566075 1232015941
2 7 -154818157 1402639522557
2 8 29070358 55935637208
2 9 21148690 54870486542
2 10 19245903 23409290513
2 11 7273098 12454682280
2 12 2068078 21726005060
2 13 32301723 61297529693
2 14 15879605 14609086319
2 15 15872986 29150334850
2 16 -78068889 344345677817
2 17 6474549 2203195057
2 18 9596687 5088883757
2 19 29624670 67813624918
2 20 145512 1313813920
2 21 19770970 28521346012
2 22 67497725 243008392239
2 23 12787231 41206994937
3 0 -121674099 821952886771
3 1 -127258905 876444998237
3 2 87788548 892875128028
3 3 -6892964 91853187446
3 4 -61697522 396548748106
3 5 35671292 86801650496
3 6 -205474163 2296043811897
3 7 -111914898 771015129736
3 8 50006895 572226672903
3 9 -24883546 326610013980
3 10 36485560 124864615052
3 11 -33235265 247987029453
3 12 85821171 421186861771
3 13 -33381929 88321195527
3 14 67117335 250346060049
3 15 24261910 70190451424
3 16 -106183750 755167755478
3 17 -37990084 92202228616
3 18 19540648 405441062258
3 19 -146551832 1413391963844
3 20 -6624155 84596505567
3 21 -125591440 927802248440
3 22 -77130079 325002701629
3 23 20167558 431545265740
4 0 -26222270 52407131594
4 1 -144457541 1121936771685
4 2 183334296 1850502585090
4 3 1038441 14618824283
4 4 -4927317 6439559603
4 5 109581301 692624001987
4 6 18130276 18703562514
4 7 292332562 4637296610030
4 8 -189984288 2270996936080
4 9 -59111989 189134794649
4 10 178899270 1740468871242
4 11 153882380 1282622120442
4 12 304566198 5004374369728
4 13 -187432961 1864481057391
4 14 37942972 276304709774
4 15 -103256199 617028926809
4 16 -94463266 472896657590
4 17 3127457 2417603011
4 18 24850168 40506727244
4 19 39835876 87250596960
4 20 155815230 1447275730938
4 21 61026207 215617100215
4 22 -185962022 1813180709700
4 23 -11140709 16882682683
5 0 -101361051 549956190841
5 1 23394512 58075783730
5 2 -12422272 41099933656
5 3 50339022 169849405974
5 4 105289712 618103667134
5 5 -44956958 161781547962
5 6 1151000 82899600360
5 7 -29512318 106341140270
5 8 -42610407 135833862469
5 9 -176399315 1712278185245
5 10 -77687637 365691029569
5 11 8380436 39209822850
5 12 91435310 486816827076
5 13 48362439 197176036087
5 14 -51425607 177437377967
5 15 131439032 927502921136
5 16 64194423 305463809515
5 17 -114672489 833130270351
5 18 55610193 263189019989
5 19 55407880 236438871654
5 20 151159496 1357481726232
5 21 21167900 65827314586
5 22 -23657372 53209014976
5 23 182114663 1834582413501
6 0 45107606 124736359626
6 1 56944003 197247536021
6 2 33835349 68827879361
6 3 -23613865 46950038741
6 4 -6339928 5375611494
6 5 -55532743 196988751095
6 6 885574 891256274
6 7 168295125 1499617339401
6 8 60958880 215391855762
6 9 263499108 3769385094726
6 10 418200551 9488665912927
6 11 -16904611 310166910749
6 12 30833107 54319810511
6 13 -84468451 403456896065
6 14 40829968 219748727672
6 15 134666287 968659898163
6 16 -2546915 3052472227
6 17 -43764400 248872726038
6 18 52206835 161358605181
6 19 166879846 1598351472502
6 20 -10219131 37188404001
6 21 113152239 699783648721
6 22 473358844 11753636428768
6 23 -9381619 13538857105
7 0 1571108 10820307738
7 1 16547000 40129920772
7 2 38661722 85361423032
7 3 28689306 46834129152
7 4 -7318294 42335946298
7 5 -19492646 23851797380
7 6 -13380562 18275499254
7 7 -23711297 54059109521
7 8 10289442 20259798952
7 9 -84491258 385377684080
7 10 -11785967 32730103543
7 11 -19636335 67853506865
7 12 39989853 120113428697
7 13 21278533 63134018419
7 14 -19475896 25562948408
7 15 -40670433 102076523653
7 16 43602005 122367547851
7 17 29413456 73511573114
7 18 1748017 14000534459
7 19 40260531 121829667317
7 20 -19624172 26931352154
7 21 -12428237 28933610235
7 22 5532578 47789901330
7 23 -47272058 143959218008
8 0 11499116 35266601868
8 1 114450704 719418215468
8 2 95583842 491794246352
8 3 765860 12382900434
8 4 -80589380 392877585646
8 5 242795133 3144882303093
8 6 1608437 4011853401
8 7 -65061968 234353349938
8 8 105071391 1118223464723
8 9 -348942999 6571893976951
8 10 33207110 117287251792
8 11 -205865952 2386743621122
8 12 -24747711 39275663669
8 13 -22750879 37628346327
8 14 -22298277 61360214293
8 15 105976404 628311002872
8 16 -418170865 9271646642035
8 17 -140799251 1058102040181
8 18 32530622 76066456748
8 19 273124139 4035680036221
8 20 -97282350 617020890816
8 21 67122420 271095435598
8 22 40870167 116300456775
8 23 54807103 324712475833
9 0 6331286 11550260760
9 1 48067184 134331749778
9 2 9024759 39923901451
9 3 30272899 86374830259
9 4 7502886 22177331892
9 5 3828057 15153209015
9 6 33145763 60441609417
9 7 -85035832 433344087454
9 8 16921859 42745115451
9 9 960088 20607515392
9 10 -31193905 62467476817
9 11 -29525919 99524925147
9 12 -7225329 45576914115
9 13 25174061 68649095983
9 14 -10676201 8803132871
9 15 35228731 73618225671
9 16 4281303 6946001657
9 17 16776491 26256024327
9 18 6616378 14381817414
9 19 27078391 46531305507
9 20 110634852 686576332934
9 21 9136388 34727581244
9 22 23153866 43848873448
9 23 -68953975 301414427833
10 0 6186575 23185734311
10 1 82575324 172574187138
10 2 -208790851 590759704995
10 3 4056000 138722904436
10 4 -424401313 2472551817583
10 5 80177176 136201069530
10 6 -1382122 4140142710
10 7 -359228234 1772999880800
10 8 65694654 171966519952
10 9 350702588 1651769518034
10 10 80779120 107762188892
10 11 208117654 610757588922
10 12 -417203050 2687389676138
10 13 -288344290 1160929448700
10 14 60849231 60290321937
10 15 27590090 21181952654
10 16 -589959957 4583386540045
10 17 -73908098 126535092466
10 18 -230736554 744711585580
10 19 -507306148 3443339248172
10 20 147245760 322227418322
10 21 501622112 3433745717296
10 22 -118264960 183449449106
10 23 120698002 248842616412
11 0 464380767 3010474635475
11 1 5296395 192640060103
11 2 -34194373 185288753943
11 3 -273923307 1141455318403
11 4 -1400865 341149286735
11 5 -152937940 631197556470
11 6 -90850985 288965387233
11 7 44148987 158686977165
11 8 -50321156 226582757740
11 9 49000095 276217066053
11 10 -20132264 65522202146
11 11 -31246495 45792276683
11 12 29856139 223827480261
11 13 -9204059 200408588621
11 14 -196259532 631806680498
11 15 166680646 593337733570
