0 1 0 0 14031402
0 1 1 0 41deff9
0 1 2 0 30d7ecd1
0 1 0 1 33e73fde
0 1 1 1 7f21a40
0 1 2 1 ed61906
0 1 0 2 f5c7baa1
0 1 1 2 a1fe8f8
0 1 2 2 d0192119
0 1 0 3 e60bf7f9
0 1 1 3 ea2af0b6
0 1 2 3 25422a16
0 1 0 4 20efec00
0 1 1 4 2d42100b
0 1 2 4 3fecd331
0 1 0 5 def554bd
0 1 1 5 4f7dfc2
0 1 2 5 14a24710
0 1 0 6 e43e5177
0 1 1 6 683200e7
0 1 2 6 b2272e23
0 1 0 7 17dbb6e4
0 1 1 7 a4910110
0 1 2 7 152b11a5
0 1 0 8 14f5e1fb
0 1 1 8 2a08e4f8
0 1 2 8 2efcdc0a
0 1 0 9 d7e52feb
0 1 1 9 28f8f6d1
0 1 2 9 14d8131a
0 1 0 10 4efdf4e1
0 1 1 10 1032b49
0 1 2 10 d0101ee6
0 1 0 11 30cecfd5
0 1 1 11 2a2e0f32
0 1 2 11 e0d6f327
0 1 0 12 f9f1ddfb
0 1 1 12 703d4020
0 1 2 12 5be6aa40
0 1 0 13 3bf051cb
0 1 1 13 1f0f2753
0 1 2 13 1a9f3af8
0 1 0 14 14c3a0a6
0 1 1 14 b2c11b26
0 1 2 14 9e2c4ddc
0 1 0 15 1bd0accd
0 1 1 15 b7e5dc12
0 1 2 15 181d19d9
0 1 0 16 5cd981b2
0 1 1 16 7445607f
0 1 2 16 7fd48f34
0 1 0 17 23df7fab
0 1 1 17 7f3d2f42
0 1 2 17 16815716
0 1 0 18 a3767f7b
0 1 1 18 2d29b381
0 1 2 18 81267228
0 1 0 19 f3e6fce3
0 1 1 19 deb281ff
0 1 2 19 c281c0f4
0 1 0 20 49e5b3c2
0 1 1 20 85c46152
0 1 2 20 60dfafd7
0 1 0 21 8ff35bc1
0 1 1 21 5025ae81
0 1 2 21 12a34104
0 1 0 22 10bddde1
0 1 1 22 58491019
0 1 2 22 962e5044
0 1 0 23 f004ead2
0 1 1 23 7f6795bd
0 1 2 23 10ce14a
0 1 0 24 1504f7f9
0 1 1 24 161d0bd8
0 1 2 24 32f6ce13
0 1 0 25 11f939d1
0 1 1 25 151beef4
0 1 2 25 12cf19ea
0 1 0 26 3d06ddf1
0 1 1 26 e5ed2e41
0 1 2 26 cb0639f1
0 1 0 27 14043713
0 1 1 27 ebd3a812
0 1 2 27 e3e5e6f1
0 1 0 28 3ee9bedc
0 1 1 28 818f2e1d
0 1 2 28 6de6a7b7
0 1 0 29 57e057ca
0 1 1 29 56173c62
0 1 2 29 1aa53efe
0 1 0 30 e6293b2f
0 1 1 30 81a9f5f6
0 1 2 30 91274bc3
0 1 0 31 235f7f58
0 1 1 31 f211a62b
0 1 2 31 fef5eb14
0 1 0 32 4ee7c0d9
0 1 1 32 a5a62547
0 1 2 32 36fac7e0
0 1 0 33 c3fa34d5
0 1 1 33 2f15e5be
0 1 2 33 dcc2512
0 1 0 34 efdbeee3
0 1 1 34 f0e1eede
0 1 2 34 ba103ce4
0 1 0 35 d72f3f60
0 1 1 35 5832e1f0
0 1 2 35 2c364705
0 0 0 0 f9b0465a
0 0 0 1 5c1fdf27
0 0 0 2 23f000572
0 0 0 3 104201942
0 0 0 4 1901fe60c
0 0 0 5 22c0ffeb1
0 0 0 6 e20fcb95
0 0 0 7 204002356
0 0 0 8 1d25002be
0 0 0 9 38d7ffe74
0 0 0 10 2bb40020d
0 0 0 11 109efe801
0 0 0 12 1ea80049d
0 0 0 13 a0902722
0 0 0 14 2754005be
0 0 0 15 3ac6ffbfc
0 0 0 16 f9b0465a
0 0 0 17 5c1fdf27
0 0 0 18 23f000572
0 0 0 19 104201942
0 0 0 20 1901fe60c
0 0 0 21 22c0ffeb1
0 0 0 22 e20fcb95
0 0 0 23 204002356
0 0 0 24 1d25002be
0 0 0 25 38d7ffe74
0 0 0 26 2bb40020d
0 0 0 27 109efe801
0 0 0 28 1ea80049d
0 0 0 29 a0902722
0 0 0 30 2754005be
0 0 0 31 3ac6ffbfc
0 0 0 32 c9d03c0a
0 0 0 33 909fca9a
0 0 0 34 2b80001cc
0 0 0 35 122e01205
0 0 0 36 1d66ffec4
0 0 0 37 275700177
0 0 0 38 2b7ff4dd
0 0 0 39 1a970047c
0 0 0 40 26cf001f5
0 0 0 41 479700259
0 0 0 42 315c001fd
0 0 0 43 e50ff3ac
0 0 0 44 26640033a
0 0 0 45 d43022b4
0 0 0 46 2f11004ba
0 0 0 47 54e5000d3
0 0 0 48 c9d03c0a
0 0 0 49 909fca9a
0 0 0 50 2b80001cc
0 0 0 51 122e01205
0 0 0 52 1d66ffec4
0 0 0 53 275700177
0 0 0 54 2b7ff4dd
0 0 0 55 1a970047c
0 0 0 56 26cf001f5
0 0 0 57 479700259
0 0 0 58 315c001fd
0 0 0 59 e50ff3ac
0 0 0 60 26640033a
0 0 0 61 d43022b4
0 0 0 62 2f11004ba
0 0 0 63 54e5000d3
0 0 0 64 e8f059d9
0 0 0 65 682fccbc
0 0 0 66 254d00458
0 0 0 67 12c703387
0 0 0 68 222dfeded
0 0 0 69 21760021a
0 0 0 70 e64fb61d
0 0 0 71 2158015e1
0 0 0 72 1f4d0028b
0 0 0 73 39770036a
0 0 0 74 32880017c
0 0 0 75 1069fd380
0 0 0 76 21a500465
0 0 0 77 94201a34
0 0 0 78 2d26004ca
0 0 0 79 42a600196
0 0 0 80 e8f059d9
0 0 0 81 682fccbc
0 0 0 82 254d00458
0 0 0 83 12c703387
0 0 0 84 222dfeded
0 0 0 85 21760021a
0 0 0 86 e64fb61d
0 0 0 87 2158015e1
0 0 0 88 1f4d0028b
0 0 0 89 39770036a
0 0 0 90 32880017c
0 0 0 91 1069fd380
0 0 0 92 21a500465
0 0 0 93 94201a34
0 0 0 94 2d26004ca
0 0 0 95 42a600196
0 0 0 96 11820781f
0 0 0 97 c43f96d2
0 0 0 98 20aa00091
0 0 0 99 d1c02373
0 0 0 100 1ba9ff26e
0 0 0 101 1f2300175
0 0 0 102 ea1faa35
0 0 0 103 19a60104d
0 0 0 104 1d14000fc
0 0 0 105 31390012b
0 0 0 106 2a690018a
0 0 0 107 c65fdf2e
0 0 0 108 1b050027d
0 0 0 109 9e101a4b
0 0 0 110 205500258
0 0 0 111 34b1fffec
0 0 0 112 11820781f
0 0 0 113 c43f96d2
0 0 0 114 20aa00091
0 0 0 115 d1c02373
0 0 0 116 1ba9ff26e
0 0 0 117 1f2300175
0 0 0 118 ea1faa35
0 0 0 119 19a60104d
0 0 0 120 1d14000fc
0 0 0 121 31390012b
0 0 0 122 2a690018a
0 0 0 123 c65fdf2e
0 0 0 124 1b050027d
0 0 0 125 9e101a4b
0 0 0 126 205500258
0 0 0 127 34b1fffec
1 1 0 0 f50b22ed
1 1 1 0 9f6e918
1 1 2 0 fbfc0806
1 1 3 0 f6cb06d8
1 1 0 1 e915f5ea
1 1 1 1 ade12c4
1 1 2 1 4000507
1 1 3 1 f917000d
1 1 0 2 307080c
1 1 1 2 aecdf20
1 1 2 2 18fbe448
1 1 3 2 ee33de26
1 1 0 3 81b62bc1
1 1 1 3 eb00f4ef
1 1 2 3 1dffc21
1 1 3 3 22007f0
1 1 0 4 5031020
1 1 1 4 6fee124
1 1 2 4 e0629f9
1 1 3 4 e2ef04de
1 1 0 5 27c215ed
1 1 1 5 fcfffc09
1 1 2 5 e20002ff
1 1 3 5 f9f2ed1c
1 1 0 6 f8fb14a2
1 1 1 6 1000cb3d
1 1 2 6 8fc14fc
1 1 3 6 daf51b9a
1 1 0 7 f833e8f5
1 1 1 7 642f434
1 1 2 7 f6020af6
1 1 3 7 de71602
1 1 0 8 f87c112c
1 1 1 8 fd0cf8ee
1 1 2 8 10fbae77
1 1 3 8 72e0a4b
1 1 0 9 fa05dce1
1 1 1 9 e505f601
1 1 2 9 fdd8ffe5
1 1 3 9 f7c7f6f7
1 1 0 10 bcd41ffc
1 1 1 10 700b551
1 1 2 10 e3022de8
1 1 3 10 bf4ff0a
1 1 0 11 dba703fe
1 1 1 11 fdf914fd
1 1 2 11 f105fe06
1 1 3 11 1e528d0
1 1 0 12 1a2fe769
1 1 1 12 f20de735
1 1 2 12 f7010dfd
1 1 3 12 ea5635a8
1 1 0 13 7f42fe8
1 1 1 13 520da0d
1 1 2 13 ff000e08
1 1 3 13 f9fdf9fa
1 1 0 14 fe20e414
1 1 1 14 f02219da
1 1 2 14 e073f24
1 1 3 14 d9f6243c
1 1 0 15 aee12b04
1 1 1 15 f7fe02f6
1 1 2 15 7e5fbf4
1 1 3 15 519100a
1 1 0 16 81d021d6
1 1 1 16 c735
1 1 2 16 fa0346d8
1 1 3 16 f7071504
1 1 0 17 adc1a0d
1 1 1 17 feea0824
1 1 2 17 13030afa
1 1 3 17 2090af1
1 1 0 18 216d61b
1 1 1 18 a0006fe
1 1 2 18 e1f90df9
1 1 3 18 2029ab11
1 1 0 19 ef16de02
1 1 1 19 da070bb3
1 1 2 19 e607ecff
1 1 3 19 90fc042
1 1 0 20 fe7bfc34
1 1 1 20 141dffee
1 1 2 20 dad762c2
1 1 3 20 182af80d
1 1 0 21 85dd06b8
1 1 1 21 b904f30c
1 1 2 21 f9e00507
1 1 3 21 eccc18f0
1 1 0 22 12f50e1f
1 1 1 22 feff2bbf
1 1 2 22 110711fc
1 1 3 22 17eff6f0
1 1 0 23 a81e711
1 1 1 23 fffe4ab9
1 1 2 23 ddfffc01
1 1 3 23 16e8c26f
1 1 0 24 c5fa5981
1 1 1 24 61dfd3d
1 1 2 24 4d0039c9
1 1 3 24 2764a749
1 1 0 25 fec8fd03
1 1 1 25 196ad47f
1 1 2 25 c3fb03e9
1 1 3 25 16e4fc12
1 1 0 26 c360720
1 1 1 26 fa570ce9
1 1 2 26 23c7ef3b
1 1 3 26 455ef30
1 1 0 27 e21b1f8
1 1 1 27 250ddf2c
1 1 2 27 14c2fa29
1 1 3 27 444f408
1 1 0 28 eccf28c8
1 1 1 28 f3fe6a81
1 1 2 28 ceff18ec
1 1 3 28 28e7f320
1 1 0 29 e5cbe2b1
1 1 1 29 e6336481
1 1 2 29 1401ff03
1 1 3 29 d8e348b2
1 1 0 30 2c43b064
1 1 1 30 15fbcf39
1 1 2 30 7fb23e2
1 1 3 30 1c61c534
1 1 0 31 24cc2fc8
1 1 1 31 f6d425d8
1 1 2 31 d8f602fc
1 1 3 31 f2cb18b7
1 1 0 32 70217bf
1 1 1 32 1501618
1 1 2 32 4fd9d76
1 1 3 32 fefd1e45
1 1 0 33 e5a00618
1 1 1 33 fcfcf810
1 1 2 33 eec00cd1
1 1 3 33 681fa0d
1 1 0 34 c0cf35c0
1 1 1 34 f8024497
1 1 2 34 270107fe
1 1 3 34 e805020a
1 1 0 35 e9cafa14
1 1 1 35 e92948b6
1 1 2 35 7f0503fc
1 1 3 35 42205f2
1 1 0 36 1cfcb733
1 1 1 36 fc0116d2
1 1 2 36 21fe0ce4
1 1 3 36 f8ff1b23
1 1 0 37 10f1e913
1 1 1 37 dc47f3ee
1 1 2 37 e4010afc
1 1 3 37 ceba562
1 1 0 38 1120e41c
1 1 1 38 125eee4
1 1 2 38 efd9fac3
1 1 3 38 f705130b
1 1 0 39 8dc5199e
1 1 1 39 5e0cf31a
1 1 2 39 2ee11f2
1 1 3 39 c130704
1 1 0 40 ff0c3df4
1 1 1 40 2fff819
1 1 2 40 901e314
1 1 3 40 1f70fcb
1 1 0 41 fff1141c
1 1 1 41 19479653
1 1 2 41 d7fe01fb
1 1 3 41 3509a37f
1 1 0 42 d8ea39b4
1 1 1 42 f502429d
1 1 2 42 7fff3abf
1 1 3 42 f7ed3b26
1 1 0 43 fac229ed
1 1 1 43 2016db5d
1 1 2 43 bffc07ee
1 1 3 43 11f40620
1 1 0 44 e4f416a8
1 1 1 44 fa541222
1 1 2 44 f5f66c81
1 1 3 44 252b0a76
1 1 0 45 23f4d910
1 1 1 45 7009fb26
1 1 2 45 fdddf016
1 1 3 45 49cf0f4
1 1 0 46 f0e53fbb
1 1 1 46 3fde42e
1 1 2 46 21fff503
1 1 3 46 5f91500
1 1 0 47 f7d1f6da
1 1 1 47 1060aa54
1 1 2 47 e7ff0304
1 1 3 47 ccf837c1
1 1 0 48 e1c0522
1 1 1 48 e9145381
1 1 2 48 1bff19f5
1 1 3 48 f6e33544
1 1 0 49 d0dfaea
1 1 1 49 8de55aa
1 1 2 49 df0615f2
1 1 3 49 e3d27581
1 1 0 50 5f6f6e3
1 1 1 50 d06ef2e
1 1 2 50 18e5e853
1 1 3 50 2f91d43
1 1 0 51 dcd90108
1 1 1 51 d8f30ff0
1 1 2 51 9d9f406
1 1 3 51 fd08f509
1 1 0 52 e00833cb
1 1 1 52 5faec2e
1 1 2 52 f8ffe905
1 1 3 52 f2f1f134
1 1 0 53 1b08232b
1 1 1 53 1e1dd85a
1 1 2 53 1a0100f8
1 1 3 53 dfe13e0
1 1 0 54 ecfcc918
1 1 1 54 f6f80d03
1 1 2 54 f6ff0204
1 1 3 54 92ff0ff
1 1 0 55 eb41e001
1 1 1 55 b2a1212
1 1 2 55 f0202f9
1 1 3 55 4efebf4
1 1 0 56 9d2fa26
1 1 1 56 f0e0507
1 1 2 56 5f232ef
1 1 3 56 2daf02d
1 1 0 57 bff5e4fa
1 1 1 57 f709f6ff
1 1 2 57 f5001e04
1 1 3 57 1601d0fa
1 1 0 58 f0e10711
1 1 1 58 fdf102ff
1 1 2 58 370505d6
1 1 3 58 f71136fd
1 1 0 59 1720d60d
1 1 1 59 fadffc07
1 1 2 59 dfcfff5
1 1 3 59 ebf01d0d
1 1 0 60 f25c11f9
1 1 1 60 f8d50c03
1 1 2 60 f9fd0802
1 1 3 60 db66ba13
1 1 0 61 fe2085fc
1 1 1 61 3e00e05
1 1 2 61 fb0e0801
1 1 3 61 fdeff306
1 1 0 62 10e3b0e7
1 1 1 62 fc32b2fa
1 1 2 62 22c90bf2
1 1 3 62 17ed1a04
1 1 0 63 2e6e3ff
1 1 1 63 24faf4e5
1 1 2 63 f009fc07
1 1 3 63 1fef80b
1 1 0 64 5dc04e7
1 1 1 64 fdbdfb00
1 1 2 64 7fff01a8
1 1 3 64 21e4fff
1 1 0 65 df5cdfd
1 1 1 65 611eb05
1 1 2 65 9fefdf9
1 1 3 65 10e0b06
1 1 0 66 199f38f8
1 1 1 66 8cbecff
1 1 2 66 5fbfb04
1 1 3 66 ec42b023
1 1 0 67 e03eb05
1 1 1 67 611daf6
1 1 2 67 18f80001
1 1 3 67 a23fe08
1 1 0 68 ec10cff7
1 1 1 68 e31ce201
1 1 2 68 f7b5e129
1 1 3 68 28261bed
1 1 0 69 befad8ca
1 1 1 69 ff0b08f4
1 1 2 69 8f1f10d
1 1 3 69 7faf800
1 1 0 70 60109f2
1 1 1 70 fce5fdfc
1 1 2 70 770a07a2
1 1 3 70 1b11fdf9
1 1 0 71 ebed240c
1 1 1 71 bd9ef07
1 1 2 71 cff02fb
1 1 3 71 f4f9fa04
1 1 0 72 6febafa
1 1 1 72 f207fa11
1 1 2 72 1401ffed
1 1 3 72 22a00ec
1 1 0 73 a40cfed
1 1 1 73 fe5d35fe
1 1 2 73 c8090030
1 1 3 73 16aedaed
1 1 0 74 7d7b3fd
1 1 1 74 2503c7eb
1 1 2 74 11ef50e0
1 1 3 74 1fc80924
1 1 0 75 bdf3cee2
1 1 1 75 1b01fbf0
1 1 2 75 c152ef5
1 1 3 75 f509ebf7
1 1 0 76 12d302e6
1 1 1 76 2cf901
1 1 2 76 1f0200eb
1 1 3 76 edfb0b09
1 1 0 77 5fddc06
1 1 1 77 eb32db1b
1 1 2 77 b02fff4
1 1 3 77 21d630f8
1 1 0 78 ed792e1b
1 1 1 78 f3e7f908
1 1 2 78 fc210a03
1 1 3 78 d0c26d3
1 1 0 79 e9bfa519
1 1 1 79 f3c222e3
1 1 2 79 810a0c60
1 1 3 79 fcdeed07
1 1 0 80 1ebbdde
1 1 1 80 ee07c703
1 1 2 80 5df72ee
1 1 3 80 2bbdf1ee
1 1 0 81 7fae00f
1 1 1 81 cadbf733
1 1 2 81 4e93fed
1 1 3 81 f606d708
1 1 0 82 2bd11ad4
1 1 1 82 556fb05
1 1 2 82 380302d3
1 1 3 82 efe66112
1 1 0 83 d39c1f1
1 1 1 83 f130b21c
1 1 2 83 f8fcfd09
1 1 3 83 f03b1602
1 1 0 84 ca47dea
1 1 1 84 fae5f7f3
1 1 2 84 190d01f2
1 1 3 84 fbe7edce
1 1 0 85 be8a818
1 1 1 85 fdf4d715
1 1 2 85 97051066
1 1 3 85 ef5b1708
1 1 0 86 725eb0d
1 1 1 86 ecc6f7
1 1 2 86 ecef2ff
1 1 3 86 1503e1e1
1 1 0 87 d1062be8
1 1 1 87 f4ecfd05
1 1 2 87 f73c1a02
1 1 3 87 f30b09f2
1 1 0 88 26f213d6
1 1 1 88 fc460005
1 1 2 88 a0508ef
1 1 3 88 fed17f6
1 1 0 89 4d60202
1 1 1 89 325d909
1 1 2 89 c6030330
1 1 3 89 fc05e6fe
1 1 0 90 f6f10005
1 1 1 90 41cfb04
1 1 2 90 ed08fa18
1 1 3 90 ecd8ea10
1 1 0 91 f50e140b
1 1 1 91 1282cf6
1 1 2 91 d20a0237
1 1 3 91 6c402f1
1 1 0 92 c34d4ed
1 1 1 92 72cf5f0
1 1 2 92 ff48f3fc
1 1 3 92 311e4fef
1 1 0 93 b60fe7ea
1 1 1 93 b3090f35
1 1 2 93 1f7fc17
1 1 3 93 feeeea06
1 1 0 94 cec16e2
1 1 1 94 1e707ff
1 1 2 94 c0fcff37
1 1 3 94 ec14f4f5
1 1 0 95 f8eddef9
1 1 1 95 9fae4de
1 1 2 95 170300ed
1 1 3 95 21bd1cf9
1 1 0 96 d56fcfe
1 1 1 96 fd2ef40d
1 1 2 96 e31d011e
1 1 3 96 5acd514
1 1 0 97 ff3d4fb
1 1 1 97 ffba25e7
1 1 2 97 bf07fc54
1 1 3 97 faf0edf2
1 1 0 98 f739d109
1 1 1 98 f3e712f9
1 1 2 98 e4475517
1 1 3 98 2612cae2
1 1 0 99 2e6eae8
1 1 1 99 d6e50345
1 1 2 99 a033af1
1 1 3 99 fa00ec08
1 1 0 100 25f0f5e0
1 1 1 100 2db03fe
1 1 2 100 cffd0028
1 1 3 100 e203220b
1 1 0 101 530c302
1 1 1 101 ff07fedb
1 1 2 101 ef7fdf3
1 1 3 101 fc1f07f4
1 1 0 102 ab125f4
1 1 1 102 237f9fb
1 1 2 102 fa0a0603
1 1 3 102 3381f102
1 1 0 103 fbf6c201
1 1 1 103 fbf4e922
1 1 2 103 dd1b022f
1 1 3 103 36c0107
1 1 0 104 f9c3081f
1 1 1 104 13bdec0c
1 1 2 104 ebd42406
1 1 3 104 1af69dfa
1 1 0 105 daebe4ee
1 1 1 105 21f8fadf
1 1 2 105 fd031df4
1 1 3 105 5f9ec00
1 1 0 106 f60612f7
1 1 1 106 4d5fcff
1 1 2 106 cd07ff26
1 1 3 106 12d90cf3
1 1 0 107 3c00412
1 1 1 107 5d0e7ee
1 1 2 107 f704fe0a
1 1 3 107 f309ff14
1 1 0 108 ce2cc03
1 1 1 108 20511f4
1 1 2 108 fafffdfb
1 1 3 108 1f4601d4
1 1 0 109 fadbd21e
1 1 1 109 1aeedf0f
1 1 2 109 4fff9fa
1 1 3 109 e8fbf519
1 1 0 110 24dfd510
1 1 1 110 eeaf2ed
1 1 2 110 dd1622ff
1 1 3 110 11fe0b25
1 1 0 111 e0ac3d8
1 1 1 111 13fefc01
1 1 2 111 f53727ea
1 1 3 111 1005e2f7
1 1 0 112 3eff729
1 1 1 112 fcfd03fc
1 1 2 112 f300070c
1 1 3 112 16a7e61f
1 1 0 113 eeede6ec
1 1 1 113 8e0e118
1 1 2 113 1efdfe04
1 1 3 113 1121250a
1 1 0 114 f3d8d01c
1 1 1 114 f22113ec
1 1 2 114 fa000401
1 1 3 114 1c42d5c9
1 1 0 115 5ccc920
1 1 1 115 f9f40801
1 1 2 115 5000302
1 1 3 115 efd090e
1 1 0 116 f3aab8fc
1 1 1 116 f6d2d418
1 1 2 116 f7181f04
1 1 3 116 83b1a0e
1 1 0 117 fc2cf039
1 1 1 117 200900f8
1 1 2 117 1390c0e
1 1 3 117 2e21fd7
1 1 0 118 cf3f7e0
1 1 1 118 ebff02f6
1 1 2 118 dfd050c
1 1 3 118 fb931c13
1 1 0 119 7e6e7ea
1 1 1 119 14d4ec1a
1 1 2 119 6fdfdfd
1 1 3 119 fee7ede3
1 1 0 120 151d3694
1 1 1 120 1516070b
1 1 2 120 fcf4fa06
1 1 3 120 cf6d3cb
1 1 0 121 1812f792
1 1 1 121 2e2e414
1 1 2 121 1fefa09
1 1 3 121 1b0901dd
1 1 0 122 f1c7d020
1 1 1 122 afae8f1
1 1 2 122 1edcc316
1 1 3 122 e1615e6
1 1 0 123 dbfff723
1 1 1 123 b0a07f6
1 1 2 123 13eef4f5
1 1 3 123 213e00c
1 1 0 124 1f19e2eb
1 1 1 124 f10705f7
1 1 2 124 fe04080a
1 1 3 124 8e10e3f
1 1 0 125 f50c05ee
1 1 1 125 2506f20c
1 1 2 125 f30404ff
1 1 3 125 20219
1 1 0 126 e3eef101
1 1 1 126 403ffe7
1 1 2 126 19fcfdfd
1 1 3 126 d5cbf521
1 1 0 127 dce8e317
1 1 1 127 20eaf34d
1 1 2 127 19fdfb03
1 1 3 127 f80bd909
1 1 0 128 9a7ab04
1 1 1 128 f8a8cb33
1 1 2 128 194728f7
1 1 3 128 e5efeb01
1 1 0 129 51ee9e0
1 1 1 129 45fff800
1 1 2 129 31f35f1
1 1 3 129 8ddf7c1
1 1 0 130 d928173e
1 1 1 130 1fcfd01
1 1 2 130 eafefe09
1 1 3 130 fca4f00c
1 1 0 131 f3adfa18
1 1 1 131 1043e9d5
1 1 2 131 25fefe00
1 1 3 131 ff383b0f
1 1 0 132 29c6c573
1 1 1 132 ec16f5dd
1 1 2 132 bd0513fa
1 1 3 132 a93d22a5
1 1 0 133 2e3c624
1 1 1 133 c20b4603
1 1 2 133 34070ef5
1 1 3 133 e31819ec
1 1 0 134 cd9f8a2a
1 1 1 134 e993a646
1 1 2 134 d92245d8
1 1 3 134 5fdda13
1 1 0 135 50ff529
1 1 1 135 e003f20a
1 1 2 135 df7f5fff
1 1 3 135 f302f500
1 1 0 136 17e8f3c0
1 1 1 136 1504fe01
1 1 2 136 22050402
1 1 3 136 d1a2292a
1 1 0 137 7d5efae
1 1 1 137 1930b8d7
1 1 2 137 e4fffe03
1 1 3 137 17ddfc29
1 1 0 138 cdfc6dcb
1 1 1 138 db1e02d1
1 1 2 138 f4fe0104
1 1 3 138 ba6931b4
1 1 0 139 28dfbe93
1 1 1 139 9efdc4f
1 1 2 139 250907fe
1 1 3 139 f7172420
1 1 0 140 8e4d910
1 1 1 140 f8efc5d8
1 1 2 140 fcfb0400
1 1 3 140 10c031f
1 1 0 141 f4a4c524
1 1 1 141 1800fd06
1 1 2 141 a431601
1 1 3 141 fa8cfcea
1 1 0 142 de0e4ec
1 1 1 142 11fafd00
1 1 2 142 df080502
1 1 3 142 e083f27
1 1 0 143 1fb4faec
1 1 1 143 f23dbc7
1 1 2 143 8b010404
1 1 3 143 fef0f9f3
1 1 0 144 e9101904
1 1 1 144 5fd0cf8
1 1 2 144 dbfe01fd
1 1 3 144 19f0e3f8
1 1 0 145 e3291128
1 1 1 145 14e61252
1 1 2 145 1a010202
1 1 3 145 428ec08
1 1 0 146 e4d9d4f1
1 1 1 146 f5addc49
1 1 2 146 1720fbec
1 1 3 146 da3f2025
1 1 0 147 1a0ed8d0
1 1 1 147 a103000e
1 1 2 147 1df0fcf1
1 1 3 147 f8170e0d
1 1 0 148 70c11e8
1 1 1 148 3fe0105
1 1 2 148 fbfdfc02
1 1 3 148 702f820
1 1 0 149 ffd5e4f4
1 1 1 149 d017e5f5
1 1 2 149 2b010000
1 1 3 149 edf11311
1 1 0 150 3404ed4d
1 1 1 150 815fded
1 1 2 150 8dfe07fc
1 1 3 150 21ddaf0f
1 1 0 151 24160706
1 1 1 151 cf0f643d
1 1 2 151 47fdfdf9
1 1 3 151 f63b11df
1 1 0 152 27e0af02
1 1 1 152 eeb8cc21
1 1 2 152 f1321aec
1 1 3 152 dfc2edb3
1 1 0 153 f6160255
1 1 1 153 8100031d
1 1 2 153 62737ef
1 1 3 153 fbeb2fd4
1 1 0 154 e81dfbd3
1 1 1 154 fbfa0209
1 1 2 154 eb020101
1 1 3 154 f0f31a11
1 1 0 155 11cd009b
1 1 1 155 c86210b8
1 1 2 155 1401fffe
1 1 3 155 1071e21
1 1 0 156 faed3114
1 1 1 156 201ef4f5
1 1 2 156 e3fffeff
1 1 3 156 3fded902
1 1 0 157 3e1ccaa
1 1 1 157 1afbfd44
1 1 2 157 200103f8
1 1 3 157 1c1a283a
1 1 0 158 14f807ff
1 1 1 158 2deadff8
1 1 2 158 f7ff19c9
1 1 3 158 eee5c737
1 1 0 159 efb4bf12
1 1 1 159 1afd0517
1 1 2 159 f04039f5
1 1 3 159 3ff9806
1 1 0 160 c400ef24
1 1 1 160 fff9ff0b
1 1 2 160 5020303
1 1 3 160 4241f05
1 1 0 161 eff3cadc
1 1 1 161 553f3bf
1 1 2 161 e90201ff
1 1 3 161 fef5eeef
1 1 0 162 1e12f520
1 1 1 162 eefb0d0a
1 1 2 162 fafbed01
1 1 3 162 e0fffecd
1 1 0 163 2e291324
1 1 1 163 e8e11725
1 1 2 163 ffff0203
1 1 3 163 1423fb12
1 1 0 164 deefe03
1 1 1 164 140c1411
1 1 2 164 e7f00c26
1 1 3 164 38090702
1 1 0 165 2a4bef1
1 1 1 165 5020bfe
1 1 2 165 ecff07f2
1 1 3 165 e0da03c8
1 1 0 166 251706d0
1 1 1 166 1f90b0a
1 1 2 166 d02f4ff
1 1 3 166 f6f6e9b4
1 1 0 167 d4fe19e8
1 1 1 167 721f2ec
1 1 2 167 30d00
1 1 3 167 ea03fbdc
1 1 0 168 eec3a49
1 1 1 168 e7ecf126
1 1 2 168 1e903
1 1 3 168 e1f8bf33
1 1 0 169 2a183a31
1 1 1 169 2f10e9c9
1 1 2 169 80c0b02
1 1 3 169 f1fe0f02
1 1 0 170 6c2ae6fd
1 1 1 170 7131e19
1 1 2 170 10b2af4
1 1 3 170 3811dbb7
1 1 0 171 f4f3f21d
1 1 1 171 3fb18f6
1 1 2 171 e4fa07ef
1 1 3 171 eafa0e1c
1 1 0 172 d6fe07e3
1 1 1 172 1f31220
1 1 2 172 70202f8
1 1 3 172 d51ef781
1 1 0 173 b5dbf2ec
1 1 1 173 1230f2da
1 1 2 173 3000601
1 1 3 173 f4f2dd0b
1 1 0 174 2d9e6c4
1 1 1 174 9090821
1 1 2 174 5e903
1 1 3 174 faf0ca4d
1 1 0 175 f4bb314e
1 1 1 175 1d112029
1 1 2 175 fd0b05fc
1 1 3 175 faf11dd4
1 1 0 176 30350a08
1 1 1 176 1ff3fe12
1 1 2 176 101cd6ea
1 1 3 176 7f1d8d0
1 1 0 177 e39ce4a3
1 1 1 177 fef50cfd
1 1 2 177 eef5dd02
1 1 3 177 fcc004d0
1 1 0 178 eef807a9
1 1 1 178 8fb1410
1 1 2 178 7fefff8
1 1 3 178 fd3508c6
1 1 0 179 e6d0efd0
1 1 1 179 f716eefd
1 1 2 179 ff0304
1 1 3 179 fb0efcfd
1 1 0 180 1e441904
1 1 1 180 f3effd10
1 1 2 180 3fbfc0b
1 1 3 180 2abe5d2a
1 1 0 181 3a790be7
1 1 1 181 f10618ef
1 1 2 181 9031901
1 1 3 181 171bffe9
1 1 0 182 55020c11
1 1 1 182 487bfee6
1 1 2 182 e4d4ef16
1 1 3 182 24bf0bda
1 1 0 183 1e1aaca
1 1 1 183 50505fe
1 1 2 183 ded9080c
1 1 3 183 e505ee15
1 1 0 184 1d2516ce
1 1 1 184 ff07f3fa
1 1 2 184 308e5f9
1 1 3 184 f31ffca9
1 1 0 185 910525df
1 1 1 185 f20fc5dc
1 1 2 185 10306fc
1 1 3 185 c30d2ad4
1 1 0 186 ccdef821
1 1 1 186 8d6f254
1 1 2 186 8fed405
1 1 3 186 69866242
1 1 0 187 b2e3071a
1 1 1 187 4f45cdb1
1 1 2 187 1ff0a01
1 1 3 187 e4f9fef3
1 1 0 188 7f6f0029
1 1 1 188 302afc1b
1 1 2 188 e5d90711
1 1 3 188 2df20b81
1 1 0 189 d18fb41
1 1 1 189 ff02f9f2
1 1 2 189 d8f220e5
1 1 3 189 19d0f2e8
1 1 0 190 17c3edc4
1 1 1 190 fd04e2f6
1 1 2 190 fc01fbfa
1 1 3 190 ca21019b
1 1 0 191 a89206b7
1 1 1 191 501d634
1 1 2 191 2feff
1 1 3 191 25d505
1 1 0 192 22d9edb5
1 1 1 192 15ed2248
1 1 2 192 2fde1ff
1 1 3 192 32d35e2d
1 1 0 193 818e081b
1 1 1 193 e5fa1025
1 1 2 193 f5f610ff
1 1 3 193 e7ed1922
1 1 0 194 b11f3d7
1 1 1 194 4de8e108
1 1 2 194 e7f107ef
1 1 3 194 3d5d3613
1 1 0 195 b330fdea
1 1 1 195 ff0905fa
1 1 2 195 e7f1f0f7
1 1 3 195 da360d0f
1 1 0 196 ab0ffd3
1 1 1 196 fafdf3f2
1 1 2 196 fff9f304
1 1 3 196 f31e08bc
1 1 0 197 bce7f6ee
1 1 1 197 14ebc223
1 1 2 197 3ffe403
1 1 3 197 13e90a1f
1 1 0 198 f43323e6
1 1 1 198 fd01f619
1 1 2 198 fe00e508
1 1 3 198 1538b71d
1 1 0 199 f14005d3
1 1 1 199 1f3914d3
1 1 2 199 4020c05
1 1 3 199 7fb08fd
1 1 0 200 3b1e2028
1 1 1 200 2b7f08fc
1 1 2 200 eee024fb
1 1 3 200 2ebb371c
1 1 0 201 d39aa38e
1 1 1 201 1100dcf7
1 1 2 201 dbe7e405
1 1 3 201 edb7efa9
1 1 0 202 3b19f5be
1 1 1 202 200fb
1 1 2 202 ff04f3fe
1 1 3 202 22d11f1
1 1 0 203 c4d1ed9a
1 1 1 203 3bbf5347
1 1 2 203 fe000bfe
1 1 3 203 df0927e2
1 1 0 204 d7f2f3f6
1 1 1 204 6f5e62a
1 1 2 204 fcf9cafc
1 1 3 204 eb2fadfa
1 1 0 205 b0bbfe0f
1 1 1 205 2955e7d1
1 1 2 205 f7f30bfe
1 1 3 205 81cddf2
1 1 0 206 70cf9f6
1 1 1 206 4cf3c9d9
1 1 2 206 ee1f51b
1 1 3 206 2a384c41
1 1 0 207 1f17f353
1 1 1 207 d0de6f2
1 1 2 207 d9ce11f8
1 1 3 207 f3110516
1 1 0 208 e8fefa
1 1 1 208 fe0707f6
1 1 2 208 fb01f6fd
1 1 3 208 ee12e7db
1 1 0 209 b6c002d5
1 1 1 209 6fbc7861
1 1 2 209 1ff0803
1 1 3 209 4af6f7
1 1 0 210 2515e7ff
1 1 1 210 b00f70d
1 1 2 210 fefbddf9
1 1 3 210 cef0e8fa
1 1 0 211 c6ba212c
1 1 1 211 c4e90d19
1 1 2 211 fdf91800
1 1 3 211 22cee50
1 1 0 212 d9fa0ef6
1 1 1 212 bfbf6e5
1 1 2 212 fdddde19
1 1 3 212 278ff23
1 1 0 213 d4e504dc
1 1 1 213 20d07f6
1 1 2 213 e8ec0f00
1 1 3 213 1dffbd7
1 1 0 214 d3f5e6fd
1 1 1 214 fd0700f7
1 1 2 214 fe040406
1 1 3 214 f1aea
1 1 0 215 e4cb05be
1 1 1 215 2bbd2534
1 1 2 215 200ff02
1 1 3 215 f7d6ec13
1 0 0 0 421f03857
1 0 0 1 3e510257b
1 0 0 2 3a7104229
1 0 0 3 420100232
1 0 0 4 2d5702dd9
1 0 0 5 4fed03920
1 0 0 6 ee4011f3
1 0 0 7 4f4804027
1 0 0 8 3e9b01340
1 0 0 9 4e3e01817
1 0 0 10 30e102dd1
1 0 0 11 136bffa30
1 0 0 12 1fdeffac1
1 0 0 13 5e2505e3d
1 0 0 14 1ef800500
1 0 0 15 6dfb01a06
1 0 0 16 d5801219
1 0 0 17 176100a71
1 0 0 18 18b000e49
1 0 0 19 4f83022a1
1 0 0 20 230e013e3
1 0 0 21 429f0129f
1 0 0 22 9d9103fc0
1 0 0 23 8827002e2
1 0 0 24 421f03857
1 0 0 25 3e510257b
1 0 0 26 3a7104229
1 0 0 27 420100232
1 0 0 28 2d5702dd9
1 0 0 29 4fed03920
1 0 0 30 ee4011f3
1 0 0 31 4f4804027
1 0 0 32 3e9b01340
1 0 0 33 4e3e01817
1 0 0 34 30e102dd1
1 0 0 35 136bffa30
1 0 0 36 1fdeffac1
1 0 0 37 5e2505e3d
1 0 0 38 1ef800500
1 0 0 39 6dfb01a06
1 0 0 40 d5801219
1 0 0 41 176100a71
1 0 0 42 18b000e49
1 0 0 43 4f83022a1
1 0 0 44 230e013e3
1 0 0 45 429f0129f
1 0 0 46 9d9103fc0
1 0 0 47 8827002e2
1 0 0 48 4a2e033e3
1 0 0 49 32ff02827
1 0 0 50 2ee5035ab
1 0 0 51 5273004be
1 0 0 52 1498014ff
1 0 0 53 38a702775
1 0 0 54 10c000bea
1 0 0 55 64ba034dc
1 0 0 56 4d9a0115f
1 0 0 57 17c900c10
1 0 0 58 230d00d8d
1 0 0 59 177cffc55
1 0 0 60 258aff9d3
1 0 0 61 6f4004e76
1 0 0 62 3b7b00f9c
1 0 0 63 2db800cb9
1 0 0 64 2ea00583
1 0 0 65 1eab00e73
1 0 0 66 469402824
1 0 0 67 4fc8013e9
1 0 0 68 217a0158f
1 0 0 69 284500f89
1 0 0 70 979a05e4f
1 0 0 71 56ac00a71
1 0 0 72 4a2e033e3
1 0 0 73 32ff02827
1 0 0 74 2ee5035ab
1 0 0 75 5273004be
1 0 0 76 1498014ff
1 0 0 77 38a702775
1 0 0 78 10c000bea
1 0 0 79 64ba034dc
1 0 0 80 4d9a0115f
1 0 0 81 17c900c10
1 0 0 82 230d00d8d
1 0 0 83 177cffc55
1 0 0 84 258aff9d3
1 0 0 85 6f4004e76
1 0 0 86 3b7b00f9c
1 0 0 87 2db800cb9
1 0 0 88 2ea00583
1 0 0 89 1eab00e73
1 0 0 90 469402824
1 0 0 91 4fc8013e9
1 0 0 92 217a0158f
1 0 0 93 284500f89
1 0 0 94 979a05e4f
1 0 0 95 56ac00a71
1 0 0 96 622101230
1 0 0 97 2d2302030
1 0 0 98 39ce04369
1 0 0 99 2a2800751
1 0 0 100 2eb60314b
1 0 0 101 6f010061a
1 0 0 102 1421017f9
1 0 0 103 770a03d47
1 0 0 104 476602c13
1 0 0 105 8cf7021b6
1 0 0 106 29a6024f7
1 0 0 107 275efea70
1 0 0 108 1e32ffdfc
1 0 0 109 539103dcc
1 0 0 110 169c01f45
1 0 0 111 21d600ab3
1 0 0 112 35ec0357c
1 0 0 113 23f500eaa
1 0 0 114 22d101727
1 0 0 115 462001bd2
1 0 0 116 1f2b01563
1 0 0 117 46ca00cbc
1 0 0 118 b9cf049dd
1 0 0 119 6ec100ab3
1 0 0 120 622101230
1 0 0 121 2d2302030
1 0 0 122 39ce04369
1 0 0 123 2a2800751
1 0 0 124 2eb60314b
1 0 0 125 6f010061a
1 0 0 126 1421017f9
1 0 0 127 770a03d47
1 0 0 128 476602c13
1 0 0 129 8cf7021b6
1 0 0 130 29a6024f7
1 0 0 131 275efea70
1 0 0 132 1e32ffdfc
1 0 0 133 539103dcc
1 0 0 134 169c01f45
1 0 0 135 21d600ab3
1 0 0 136 35ec0357c
1 0 0 137 23f500eaa
1 0 0 138 22d101727
1 0 0 139 462001bd2
1 0 0 140 1f2b01563
1 0 0 141 46ca00cbc
1 0 0 142 b9cf049dd
1 0 0 143 6ec100ab3
1 0 0 144 41da05198
1 0 0 145 3bf701ec5
1 0 0 146 2f1404e7c
1 0 0 147 3538ffaea
1 0 0 148 192f0280f
1 0 0 149 51d003c53
1 0 0 150 abf00af4
1 0 0 151 394902d5c
1 0 0 152 1fdb013ca
1 0 0 153 49ca019a6
1 0 0 154 28d401db9
1 0 0 155 1325ff277
1 0 0 156 1ad3fff60
1 0 0 157 4e1803cc5
1 0 0 158 218c00d36
1 0 0 159 945d015e4
1 0 0 160 c14010f7
1 0 0 161 106100d2f
1 0 0 162 140300f56
1 0 0 163 461d00c5d
1 0 0 164 1af100d1e
1 0 0 165 2b8f01fba
1 0 0 166 69ab05058
1 0 0 167 661000121
1 0 0 168 41da05198
1 0 0 169 3bf701ec5
1 0 0 170 2f1404e7c
1 0 0 171 3538ffaea
1 0 0 172 192f0280f
1 0 0 173 51d003c53
1 0 0 174 abf00af4
1 0 0 175 394902d5c
1 0 0 176 1fdb013ca
1 0 0 177 49ca019a6
1 0 0 178 28d401db9
1 0 0 179 1325ff277
1 0 0 180 1ad3fff60
1 0 0 181 4e1803cc5
1 0 0 182 218c00d36
1 0 0 183 945d015e4
1 0 0 184 c14010f7
1 0 0 185 106100d2f
1 0 0 186 140300f56
1 0 0 187 461d00c5d
1 0 0 188 1af100d1e
1 0 0 189 2b8f01fba
1 0 0 190 69ab05058
1 0 0 191 661000121
2 1 0 0 508f816
2 1 0 1 ea16f7d5
2 1 0 2 fb04fd8a
2 1 0 3 91af30b
2 1 0 4 7f81f6be
2 1 0 5 3516f581
2 1 0 6 60cfff7
2 1 0 7 fa117fd4
2 1 0 8 fa0bfc9e
2 1 0 9 b00204f7
2 1 0 10 dce6e9f6
2 1 0 11 3e0406fd
2 1 0 12 b4dd2cf1
2 1 0 13 a87f7f7f
2 1 0 14 7fedcebb
2 1 0 15 ccf9f0f6
2 1 0 16 f3feeced
2 1 0 17 34f9fe01
2 1 0 18 1905c109
2 1 0 19 1906d2f8
2 1 0 20 fb4a03
2 1 0 21 edba08
2 1 0 22 7fceff7f
2 1 0 23 157f7f0b
2 1 0 24 1af536f8
2 1 0 25 3f33a0d
2 1 0 26 5fbbc02
2 1 0 27 2009e738
2 1 0 28 48170778
2 1 0 29 7ff710ba
2 1 0 30 fefcc836
2 1 0 31 6fec7f58
2 1 0 32 447f0cbd
2 1 0 33 39fddc38
2 1 0 34 49f5ef7f
2 1 0 35 55fce7d2
2 1 0 36 cfe02c1
2 1 0 37 3bfcf6c7
2 1 0 38 3fe01aa
2 1 0 39 ebf7ffed
2 1 0 40 f6f2155b
2 1 0 41 d100ff01
2 1 0 42 f5d8f69e
2 1 0 43 337f7fc8
2 1 0 44 7fe0f281
2 1 0 45 fe05fd3a
2 1 0 46 24f83c
2 1 0 47 d50ffa8f
2 1 0 48 16e5f308
2 1 0 49 7f817f81
2 1 0 50 aa49fb6d
2 1 0 51 190cfddf
2 1 0 52 a2e02ea
2 1 0 53 f816fb42
2 0 0 0 7b00429
2 0 0 1 1dbbfebe9
2 0 0 2 3892028a2
2 0 0 3 1488ffc3b
2 0 0 4 1860031e7
2 0 0 5 e36fe8a6
2 0 0 6 59cb00b45
2 0 0 7 a49037c4
2 0 0 8 1cd5ffdac
2 0 0 9 c8500b94
2 0 0 10 1d78ffdb0
2 0 0 11 19580044e
2 0 0 12 28e6fe13a
2 0 0 13 164700424
2 0 0 14 396e0007b
2 0 0 15 f17fed4f
2 0 0 16 5c6010fd
2 0 0 17 6425fff95
2 0 0 18 6e2900cd9
2 0 0 19 1020fef1c
2 0 0 20 54150003b
2 0 0 21 134cff56b
2 0 0 22 142b00f49
2 0 0 23 c8101377
2 0 0 24 7b00429
2 0 0 25 1dbbfebe9
2 0 0 26 3892028a2
2 0 0 27 1488ffc3b
2 0 0 28 1860031e7
2 0 0 29 e36fe8a6
2 0 0 30 59cb00b45
2 0 0 31 a49037c4
2 0 0 32 1cd5ffdac
2 0 0 33 c8500b94
2 0 0 34 1d78ffdb0
2 0 0 35 19580044e
2 0 0 36 28e6fe13a
2 0 0 37 164700424
2 0 0 38 396e0007b
2 0 0 39 f17fed4f
2 0 0 40 5c6010fd
2 0 0 41 6425fff95
2 0 0 42 6e2900cd9
2 0 0 43 1020fef1c
2 0 0 44 54150003b
2 0 0 45 134cff56b
2 0 0 46 142b00f49
2 0 0 47 c8101377
2 0 0 48 1b501464
2 0 0 49 1863feeec
2 0 0 50 343f01a3f
2 0 0 51 1641ffe26
2 0 0 52 2560021b2
2 0 0 53 188dfe849
2 0 0 54 5d1501f43
2 0 0 55 59e01553
2 0 0 56 1228009e4
2 0 0 57 25220042f
2 0 0 58 1a8e018bd
2 0 0 59 eebfffa0
2 0 0 60 1b06fdb32
2 0 0 61 19520090e
2 0 0 62 333efe528
2 0 0 63 33b2fccc9
2 0 0 64 1412018b0
2 0 0 65 4869ffe9d
2 0 0 66 245800f40
2 0 0 67 ed700557
2 0 0 68 2ca900e6a
2 0 0 69 2146ff38c
2 0 0 70 dd4fef08
2 0 0 71 f3c03515
2 0 0 72 1b501464
2 0 0 73 1863feeec
2 0 0 74 343f01a3f
2 0 0 75 1641ffe26
2 0 0 76 2560021b2
2 0 0 77 188dfe849
2 0 0 78 5d1501f43
2 0 0 79 59e01553
2 0 0 80 1228009e4
2 0 0 81 25220042f
2 0 0 82 1a8e018bd
2 0 0 83 eebfffa0
2 0 0 84 1b06fdb32
2 0 0 85 19520090e
2 0 0 86 333efe528
2 0 0 87 33b2fccc9
2 0 0 88 1412018b0
2 0 0 89 4869ffe9d
2 0 0 90 245800f40
2 0 0 91 ed700557
2 0 0 92 2ca900e6a
2 0 0 93 2146ff38c
2 0 0 94 dd4fef08
2 0 0 95 f3c03515
2 0 0 96 b97046d7
2 0 0 97 1fbbff8a9
2 0 0 98 330f0289e
2 0 0 99 188e004c6
2 0 0 100 14f202387
2 0 0 101 521ffffa
2 0 0 102 3ae100af4
2 0 0 103 64702126
2 0 0 104 eb4ff685
2 0 0 105 2efffce3
2 0 0 106 212600130
2 0 0 107 98500638
2 0 0 108 2333fe892
2 0 0 109 18e60092f
2 0 0 110 45a6f9e5f
2 0 0 111 108dfed20
2 0 0 112 41202999
2 0 0 113 4f870041f
2 0 0 114 4aaa007e4
2 0 0 115 bdbff856
2 0 0 116 2cea003a8
2 0 0 117 1013ffca9
2 0 0 118 ed0ff987
2 0 0 119 a080138b
2 0 0 120 b97046d7
2 0 0 121 1fbbff8a9
2 0 0 122 330f0289e
2 0 0 123 188e004c6
2 0 0 124 14f202387
2 0 0 125 521ffffa
2 0 0 126 3ae100af4
2 0 0 127 64702126
2 0 0 128 eb4ff685
2 0 0 129 2efffce3
2 0 0 130 212600130
2 0 0 131 98500638
2 0 0 132 2333fe892
2 0 0 133 18e60092f
2 0 0 134 45a6f9e5f
2 0 0 135 108dfed20
2 0 0 136 41202999
2 0 0 137 4f870041f
2 0 0 138 4aaa007e4
2 0 0 139 bdbff856
2 0 0 140 2cea003a8
2 0 0 141 1013ffca9
2 0 0 142 ed0ff987
2 0 0 143 a080138b
2 0 0 144 19403aeb
2 0 0 145 1548ff836
2 0 0 146 36e102093
2 0 0 147 1a4cffce4
2 0 0 148 236904a06
2 0 0 149 b11fec66
2 0 0 150 804801906
2 0 0 151 96a0333f
2 0 0 152 21e4fe4c0
2 0 0 153 a1a00f08
2 0 0 154 2081ff4b7
2 0 0 155 250a00851
2 0 0 156 2bd5fd6a9
2 0 0 157 1c7d00930
2 0 0 158 3779fdc0c
2 0 0 159 b83fe333
2 0 0 160 172a06a1a
2 0 0 161 6a63fec8a
2 0 0 162 6b1600a6e
2 0 0 163 fa700d8d
2 0 0 164 48710123a
2 0 0 165 1808fe148
2 0 0 166 1798fe564
2 0 0 167 bb300875
2 0 0 168 19403aeb
2 0 0 169 1548ff836
2 0 0 170 36e102093
2 0 0 171 1a4cffce4
2 0 0 172 236904a06
2 0 0 173 b11fec66
2 0 0 174 804801906
2 0 0 175 96a0333f
2 0 0 176 21e4fe4c0
2 0 0 177 a1a00f08
2 0 0 178 2081ff4b7
2 0 0 179 250a00851
2 0 0 180 2bd5fd6a9
2 0 0 181 1c7d00930
2 0 0 182 3779fdc0c
2 0 0 183 b83fe333
2 0 0 184 172a06a1a
2 0 0 185 6a63fec8a
2 0 0 186 6b1600a6e
2 0 0 187 fa700d8d
2 0 0 188 48710123a
2 0 0 189 1808fe148
2 0 0 190 1798fe564
2 0 0 191 bb300875
3 1 0 0 e309f90f
3 1 0 1 26f5ff81
3 1 0 2 d381a906
3 1 0 3 902cf425
3 1 0 4 633e8f8
3 1 0 5 fff2ee0e
3 1 0 6 fc19c5fc
3 1 0 7 d222ae29
3 1 0 8 c551312e
3 1 0 9 706408d
3 1 0 10 3cf21d1e
3 1 0 11 f8810ee3
3 1 0 12 f634f302
3 1 0 13 f8a80901
3 1 0 14 c082afc
3 1 0 15 fe00fdff
3 1 0 16 ba1bee3b
3 1 0 17 ff086708
3 1 0 18 d4f5f2f7
3 1 0 19 c306f9b1
3 1 0 20 e911dfeb
3 1 0 21 3702ccfb
3 1 0 22 cfd0603
3 1 0 23 d5db638a
3 1 0 24 df5e981
3 1 0 25 e2e8f5f4
3 1 0 26 eb00035a
3 1 0 27 16eb0024
3 1 0 28 bcd007f3
3 1 0 29 a037f0e
3 1 0 30 e881ff01
3 1 0 31 810521aa
3 1 0 32 71a12e20
3 1 0 33 9d42c81
3 1 0 34 11e2f120
3 1 0 35 d2f60032
3 1 0 36 f77ffe06
3 1 0 37 f023fe0a
3 1 0 38 16faf6fc
3 1 0 39 19f90fd9
3 1 0 40 1581b06a
3 1 0 41 15060403
3 1 0 42 8b53f03f
3 1 0 43 e2f22681
3 1 0 44 f2f7fef2
3 1 0 45 22e8088e
3 1 0 46 1d0300e8
3 1 0 47 7fc1fb10
3 1 0 48 5ecff0a
3 1 0 49 e80b05f5
3 1 0 50 a81808f5
3 1 0 51 e7dcd6f5
3 1 0 52 db9e323
3 1 0 53 4060bd7
3 1 0 54 bed5d102
3 1 0 55 faca3430
3 1 0 56 63b7379d
3 1 0 57 2fe906b9
3 1 0 58 ed1f804
3 1 0 59 abf590f0
3 1 0 60 ecf602fc
3 1 0 61 3fcfd04
3 1 0 62 17fdf9f2
3 1 0 63 12000e7f
3 1 0 64 59d5f7e5
3 1 0 65 11fef500
3 1 0 66 96b329ea
3 1 0 67 64a802ec
3 1 0 68 f97ff7dc
3 1 0 69 12f47dc3
3 1 0 70 5f7fe00
3 1 0 71 16c106d3
3 1 0 72 12e0f06
3 1 0 73 507050a
3 1 0 74 dc11c9fb
3 1 0 75 1e00d47f
3 1 0 76 52812be0
3 1 0 77 fe0efcf5
3 1 0 78 afcff8b
3 1 0 79 f610059c
3 1 0 80 3455a27
3 1 0 81 a1df618
3 1 0 82 fb7f120f
3 1 0 83 1fefd0d8
3 1 0 84 fc07fae4
3 1 0 85 2ff1c01
3 1 0 86 fdfd0a0a
3 1 0 87 ed0510fd
3 1 0 88 6ce4c69e
3 1 0 89 4040104
3 1 0 90 d405b681
3 1 0 91 d7e4031c
3 1 0 92 63c1014
3 1 0 93 27ec1753
3 1 0 94 7011604
3 1 0 95 3ed3ff01
3 1 0 96 29fce7d5
3 1 0 97 f402e3f9
3 1 0 98 1f3ab40d
3 1 0 99 deb142b
3 1 0 100 dee6cf
3 1 0 101 f31200ec
3 1 0 102 f5e5d8cc
3 1 0 103 c3f81bdc
3 1 0 104 fa07197f
3 1 0 105 eef64754
3 1 0 106 2a13e807
3 1 0 107 1ef62712
3 1 0 108 4d300e7
3 1 0 109 fe8114fa
3 1 0 110 f8087fff
3 1 0 111 1f0506ea
3 1 0 112 b5def989
3 1 0 113 f2098113
3 1 0 114 9e925e8
3 1 0 115 f510bb39
3 1 0 116 14f702c3
3 1 0 117 441aa09d
3 1 0 118 fcf90900
3 1 0 119 6e2566d
3 1 0 120 e205ff07
3 1 0 121 f702f1f7
3 1 0 122 45d22d0a
3 1 0 123 fdccf1f4
3 1 0 124 7000262b
3 1 0 125 24020a1a
3 1 0 126 d81c25f7
3 1 0 127 7301e605
3 1 0 128 d2d8823e
3 1 0 129 f301000a
3 1 0 130 1d1304fd
3 1 0 131 e2d3cbd8
3 1 0 132 fefb00fd
3 1 0 133 a1000ff
3 1 0 134 fcf25000
3 1 0 135 1f8021f
3 1 0 136 c930bc08
3 1 0 137 3f70bfd
3 1 0 138 f6f4e2dc
3 1 0 139 b7fbf307
3 1 0 140 e407f9ee
3 1 0 141 7f011319
3 1 0 142 f181fb00
3 1 0 143 b4cdb703
3 0 0 0 16600920
3 0 0 1 28902e0b
3 0 0 2 9604fd9
3 0 0 3 1affeded
3 0 0 4 72ff5cf
3 0 0 5 340fff90
3 0 0 6 71015e5
3 0 0 7 de01984
3 0 0 8 236ffc98
3 0 0 9 570215f
3 0 0 10 358fed87
3 0 0 11 12501e6e
3 0 0 12 2590157e
3 0 0 13 16b03393
3 0 0 14 669fb68e
3 0 0 15 380ffc29
3 0 0 16 10f0060b
3 0 0 17 dc00b19
3 0 0 18 bb01294
3 0 0 19 a600b9f
3 0 0 20 26601fee
3 0 0 21 14901e9e
3 0 0 22 21d03f90
3 0 0 23 fe007f1
3 0 0 24 16600920
3 0 0 25 28902e0b
3 0 0 26 9604fd9
3 0 0 27 1affeded
3 0 0 28 72ff5cf
3 0 0 29 340fff90
3 0 0 30 71015e5
3 0 0 31 de01984
3 0 0 32 236ffc98
3 0 0 33 570215f
3 0 0 34 358fed87
3 0 0 35 12501e6e
3 0 0 36 2590157e
3 0 0 37 16b03393
3 0 0 38 669fb68e
3 0 0 39 380ffc29
3 0 0 40 10f0060b
3 0 0 41 dc00b19
3 0 0 42 bb01294
3 0 0 43 a600b9f
3 0 0 44 26601fee
3 0 0 45 14901e9e
3 0 0 46 21d03f90
3 0 0 47 fe007f1
3 0 0 48 21901f0d
3 0 0 49 29e01d02
3 0 0 50 9704640
3 0 0 51 1f7ff6a5
3 0 0 52 b10015d
3 0 0 53 1bafff37
3 0 0 54 6e0128d
3 0 0 55 12c02110
3 0 0 56 1b402409
3 0 0 57 1950176c
3 0 0 58 36cff57a
3 0 0 59 1c002005
3 0 0 60 2f70166f
3 0 0 61 25403f9a
3 0 0 62 6a8fa290
3 0 0 63 2b6ff3cd
3 0 0 64 3d00c5c
3 0 0 65 1ad0094c
3 0 0 66 c201e05
3 0 0 67 11001bb8
3 0 0 68 3e602e7c
3 0 0 69 169015f9
3 0 0 70 26e0333a
3 0 0 71 7100652
3 0 0 72 21901f0d
3 0 0 73 29e01d02
3 0 0 74 9704640
3 0 0 75 1f7ff6a5
3 0 0 76 b10015d
3 0 0 77 1bafff37
3 0 0 78 6e0128d
3 0 0 79 12c02110
3 0 0 80 1b402409
3 0 0 81 1950176c
3 0 0 82 36cff57a
3 0 0 83 1c002005
3 0 0 84 2f70166f
3 0 0 85 25403f9a
3 0 0 86 6a8fa290
3 0 0 87 2b6ff3cd
3 0 0 88 3d00c5c
3 0 0 89 1ad0094c
3 0 0 90 c201e05
3 0 0 91 11001bb8
3 0 0 92 3e602e7c
3 0 0 93 169015f9
3 0 0 94 26e0333a
3 0 0 95 7100652
3 0 0 96 1bc0165e
3 0 0 97 1c00083b
3 0 0 98 ca047d9
3 0 0 99 175fe83d
3 0 0 100 1280003e
3 0 0 101 377019ba
3 0 0 102 cc01d7b
3 0 0 103 1cd023a3
3 0 0 104 1ed00d19
3 0 0 105 3a01ad3
3 0 0 106 3c9ff9b0
3 0 0 107 2c70212a
3 0 0 108 271017ee
3 0 0 109 19203765
3 0 0 110 665f931a
3 0 0 111 488006cc
3 0 0 112 166028d4
3 0 0 113 14b00b50
3 0 0 114 b601f91
3 0 0 115 10402b94
3 0 0 116 2e603186
3 0 0 117 19305050
3 0 0 118 2f9023ef
3 0 0 119 7e00347
3 0 0 120 1bc0165e
3 0 0 121 1c00083b
3 0 0 122 ca047d9
3 0 0 123 175fe83d
3 0 0 124 1280003e
3 0 0 125 377019ba
3 0 0 126 cc01d7b
3 0 0 127 1cd023a3
3 0 0 128 1ed00d19
3 0 0 129 3a01ad3
3 0 0 130 3c9ff9b0
3 0 0 131 2c70212a
3 0 0 132 271017ee
3 0 0 133 19203765
3 0 0 134 665f931a
3 0 0 135 488006cc
3 0 0 136 166028d4
3 0 0 137 14b00b50
3 0 0 138 b601f91
3 0 0 139 10402b94
3 0 0 140 2e603186
3 0 0 141 19305050
3 0 0 142 2f9023ef
3 0 0 143 7e00347
3 0 0 144 16f01900
3 0 0 145 21d051f9
3 0 0 146 6e022db
3 0 0 147 1d7fe151
3 0 0 148 7c0016e
3 0 0 149 2e5006ca
3 0 0 150 56019e1
3 0 0 151 10400878
3 0 0 152 e2001bf
3 0 0 153 73028dc
3 0 0 154 2b300870
3 0 0 155 d101b31
3 0 0 156 251013e6
3 0 0 157 16902e30
3 0 0 158 70af9a23
3 0 0 159 41f024e3
3 0 0 160 5300899
3 0 0 161 ef00375
3 0 0 162 5700643
3 0 0 163 390155b
3 0 0 164 3290424f
3 0 0 165 1390298d
3 0 0 166 199029ec
3 0 0 167 d2ff768
3 0 0 168 16f01900
3 0 0 169 21d051f9
3 0 0 170 6e022db
3 0 0 171 1d7fe151
3 0 0 172 7c0016e
3 0 0 173 2e5006ca
3 0 0 174 56019e1
3 0 0 175 10400878
3 0 0 176 e2001bf
3 0 0 177 73028dc
3 0 0 178 2b300870
3 0 0 179 d101b31
3 0 0 180 251013e6
3 0 0 181 16902e30
3 0 0 182 70af9a23
3 0 0 183 41f024e3
3 0 0 184 5300899
3 0 0 185 ef00375
3 0 0 186 5700643
3 0 0 187 390155b
3 0 0 188 3290424f
3 0 0 189 1390298d
3 0 0 190 199029ec
3 0 0 191 d2ff768
4 1 0 0 4031606
4 1 0 1 5d04ee01
4 1 0 2 5d04ec06
4 1 0 3 e72e2c11
4 1 0 4 6d7ff581
4 1 0 5 7fb7be03
4 1 0 6 fd2d1ffb
4 1 0 7 6df981fa
4 1 0 8 65e8d8fd
4 1 0 9 4800049f
4 1 0 10 7681f701
4 1 0 11 24b53368
4 1 0 12 7f6cfefd
4 1 0 13 6cad0a8f
4 1 0 14 1bde7f60
4 1 0 15 533d077f
4 1 0 16 5c3f05c0
4 1 0 17 43712ad
4 1 0 18 1e09f99e
4 1 0 19 410739c9
4 1 0 20 7f0ef8c4
4 1 0 21 3971f5ea
4 1 0 22 2b7f814f
4 1 0 23 6d1853e1
4 1 0 24 57d715a7
4 1 0 25 530e12a3
4 1 0 26 42f8f781
4 1 0 27 1f89440
4 1 0 28 4b0bc77f
4 1 0 29 b90c2127
4 1 0 30 30118143
4 1 0 31 d97f5468
4 1 0 32 99452d25
4 1 0 33 c8fbe539
4 1 0 34 81e7de32
4 1 0 35 7710d949
4 1 0 36 f41edc4
4 1 0 37 1e3a7faf
4 1 0 38 c0405d6
4 1 0 39 34ffbac
4 1 0 40 7f101781
4 1 0 41 f5def8da
4 1 0 42 eef700fd
4 1 0 43 428116a6
4 1 0 44 2be00d3
4 1 0 45 7050222
4 1 0 46 2df2fa7f
4 1 0 47 fea0419
4 1 0 48 e60b22f0
4 1 0 49 b481db62
4 1 0 50 81c74228
4 1 0 51 dd1510fb
4 1 0 52 e0f27fe4
4 1 0 53 1be80c25
4 0 0 0 291203648
4 0 0 1 163404380
4 0 0 2 1a70fa105
4 0 0 3 3b00fd6af
4 0 0 4 285c00d98
4 0 0 5 ed5fe3f5
4 0 0 6 922901939
4 0 0 7 122cf6374
4 0 0 8 c2a03bdc
4 0 0 9 26af01e24
4 0 0 10 fa1fea25
4 0 0 11 3a6df941f
4 0 0 12 feaface3
4 0 0 13 14be0804b
4 0 0 14 a49ff86a
4 0 0 15 da502610
4 0 0 16 1b3d05976
4 0 0 17 913bfe64b
4 0 0 18 519600519
4 0 0 19 2b0fffc81
4 0 0 20 19dcfc1c0
4 0 0 21 2173fc476
4 0 0 22 31860c267
4 0 0 23 22460523a
4 0 0 24 291203648
4 0 0 25 163404380
4 0 0 26 1a70fa105
4 0 0 27 3b00fd6af
4 0 0 28 285c00d98
4 0 0 29 ed5fe3f5
4 0 0 30 922901939
4 0 0 31 122cf6374
4 0 0 32 c2a03bdc
4 0 0 33 26af01e24
4 0 0 34 fa1fea25
4 0 0 35 3a6df941f
4 0 0 36 feaface3
4 0 0 37 14be0804b
4 0 0 38 a49ff86a
4 0 0 39 da502610
4 0 0 40 1b3d05976
4 0 0 41 913bfe64b
4 0 0 42 519600519
4 0 0 43 2b0fffc81
4 0 0 44 19dcfc1c0
4 0 0 45 2173fc476
4 0 0 46 31860c267
4 0 0 47 22460523a
4 0 0 48 22c103195
4 0 0 49 1bcb060ab
4 0 0 50 3420f8012
4 0 0 51 38fafc7c8
4 0 0 52 6f7c017a0
4 0 0 53 1781fd3c8
4 0 0 54 798c00ab2
4 0 0 55 5cdfc23d
4 0 0 56 58701262
4 0 0 57 148300f64
4 0 0 58 f43ff76f
4 0 0 59 2adffcf02
4 0 0 60 ae5fc9dd
4 0 0 61 cb407270
4 0 0 62 19b3ff2c2
4 0 0 63 19e102ee7
4 0 0 64 25580475b
4 0 0 65 6fbdfff60
4 0 0 66 428014b3
4 0 0 67 43ee0001c
4 0 0 68 12e6fb640
4 0 0 69 19070032e
4 0 0 70 26fd0bd14
4 0 0 71 239503921
4 0 0 72 22c103195
4 0 0 73 1bcb060ab
4 0 0 74 3420f8012
4 0 0 75 38fafc7c8
4 0 0 76 6f7c017a0
4 0 0 77 1781fd3c8
4 0 0 78 798c00ab2
4 0 0 79 5cdfc23d
4 0 0 80 58701262
4 0 0 81 148300f64
4 0 0 82 f43ff76f
4 0 0 83 2adffcf02
4 0 0 84 ae5fc9dd
4 0 0 85 cb407270
4 0 0 86 19b3ff2c2
4 0 0 87 19e102ee7
4 0 0 88 25580475b
4 0 0 89 6fbdfff60
4 0 0 90 428014b3
4 0 0 91 43ee0001c
4 0 0 92 12e6fb640
4 0 0 93 19070032e
4 0 0 94 26fd0bd14
4 0 0 95 239503921
4 0 0 96 2d92032bc
4 0 0 97 429a02a1f
4 0 0 98 251ff92a7
4 0 0 99 418ffd3ec
4 0 0 100 1be50054f
4 0 0 101 1de9fd8da
4 0 0 102 379301fed
4 0 0 103 cdaf897d
4 0 0 104 84a030a5
4 0 0 105 2db8028a3
4 0 0 106 137dfd35a
4 0 0 107 102cff7ae
4 0 0 108 10f5fb795
4 0 0 109 17f50a834
4 0 0 110 dde0001b
4 0 0 111 a08022a0
4 0 0 112 b4805245
4 0 0 113 64a0004f5
4 0 0 114 38e000fa9
4 0 0 115 23f80052f
4 0 0 116 cc800727
4 0 0 117 1511fe4a0
4 0 0 118 2f5109f19
4 0 0 119 1a9b05134
4 0 0 120 2d92032bc
4 0 0 121 429a02a1f
4 0 0 122 251ff92a7
4 0 0 123 418ffd3ec
4 0 0 124 1be50054f
4 0 0 125 1de9fd8da
4 0 0 126 379301fed
4 0 0 127 cdaf897d
4 0 0 128 84a030a5
4 0 0 129 2db8028a3
4 0 0 130 137dfd35a
4 0 0 131 102cff7ae
4 0 0 132 10f5fb795
4 0 0 133 17f50a834
4 0 0 134 dde0001b
4 0 0 135 a08022a0
4 0 0 136 b4805245
4 0 0 137 64a0004f5
4 0 0 138 38e000fa9
4 0 0 139 23f80052f
4 0 0 140 cc800727
4 0 0 141 1511fe4a0
4 0 0 142 2f5109f19
4 0 0 143 1a9b05134
4 0 0 144 194c03d12
4 0 0 145 215a0691c
4 0 0 146 3cbcf9100
4 0 0 147 3985fb9d8
4 0 0 148 4a0400af3
4 0 0 149 14d2fd182
4 0 0 150 e1a10234a
4 0 0 151 15e7fc674
4 0 0 152 1456055c6
4 0 0 153 279501234
4 0 0 154 1267fd1d8
4 0 0 155 2b44f854e
4 0 0 156 dbcfd961
4 0 0 157 193607927
4 0 0 158 869ffc3f
4 0 0 159 94003996
4 0 0 160 131003df2
4 0 0 161 8cbf00764
4 0 0 162 7a88008c1
4 0 0 163 335afd989
4 0 0 164 f0afd390
4 0 0 165 2b62fb4cf
4 0 0 166 45c911ba8
4 0 0 167 1bed04035
4 0 0 168 194c03d12
4 0 0 169 215a0691c
4 0 0 170 3cbcf9100
4 0 0 171 3985fb9d8
4 0 0 172 4a0400af3
4 0 0 173 14d2fd182
4 0 0 174 e1a10234a
4 0 0 175 15e7fc674
4 0 0 176 1456055c6
4 0 0 177 279501234
4 0 0 178 1267fd1d8
4 0 0 179 2b44f854e
4 0 0 180 dbcfd961
4 0 0 181 193607927
4 0 0 182 869ffc3f
4 0 0 183 94003996
4 0 0 184 131003df2
4 0 0 185 8cbf00764
4 0 0 186 7a88008c1
4 0 0 187 335afd989
4 0 0 188 f0afd390
4 0 0 189 2b62fb4cf
4 0 0 190 45c911ba8
4 0 0 191 1bed04035
5 1 0 0 ef060fa6
5 1 0 1 f8fd06fe
5 1 0 2 f1f30a03
5 1 0 3 42a939f0
5 1 0 4 efefab69
5 1 0 5 f9f3e7dd
5 1 0 6 9907f6e3
5 1 0 7 561df781
5 1 0 8 ce0fc57f
5 1 0 9 f91411bc
5 1 0 10 2ee7fc4
5 1 0 11 7ff70ef8
5 1 0 12 1674070f
5 1 0 13 9d4815e1
5 1 0 14 f9d92c12
5 1 0 15 b61df37f
5 1 0 16 1825db3c
5 1 0 17 5e8341e
5 1 0 18 2a6d210a
5 1 0 19 100bdd46
5 1 0 20 cd59bcf8
5 1 0 21 eafe2be0
5 1 0 22 1514fa12
5 1 0 23 ea19d1f0
5 1 0 24 bedd405
5 1 0 25 feee01fa
5 1 0 26 1a3f1017
5 1 0 27 11f7bce0
5 1 0 28 3f0181ed
5 1 0 29 fe6b8113
5 1 0 30 7ffacec8
5 1 0 31 eb011bea
5 1 0 32 d101a031
5 1 0 33 ccdc0ad6
5 1 0 34 dfef34f9
5 1 0 35 5fefa06
5 1 0 36 17511cf9
5 1 0 37 8b0b010f
5 1 0 38 12080bf0
5 1 0 39 5f191cf8
5 1 0 40 19b8eede
5 1 0 41 b9c9df81
5 1 0 42 cc0c14f6
5 1 0 43 e7b52d81
5 1 0 44 1cfa4701
5 1 0 45 e10af7f1
5 1 0 46 2ad7f8f7
5 1 0 47 34ff01f8
5 1 0 48 3dc0ffe
5 1 0 49 af7fcf9
5 1 0 50 c2e01b01
5 1 0 51 e7f5f02b
5 1 0 52 23052318
5 1 0 53 d1fcf1fc
5 1 0 54 301bfe65
5 1 0 55 4ad3fed
5 1 0 56 24da1a90
5 1 0 57 e6dc8de4
5 1 0 58 f8ea10d0
5 1 0 59 f8030101
5 1 0 60 3cc424d8
5 1 0 61 3731fefa
5 1 0 62 109b2310
5 1 0 63 dbe4e6de
5 1 0 64 cc50e4
5 1 0 65 32b8fdb9
5 1 0 66 7f0a1113
5 1 0 67 35852c47
5 1 0 68 e80d177f
5 1 0 69 dfd2a60c
5 1 0 70 fefef712
5 1 0 71 71052116
5 1 0 72 f9fcff0b
5 1 0 73 fbd901f8
5 1 0 74 26f53e2d
5 1 0 75 2cbf920
5 1 0 76 73210af4
5 1 0 77 1d5c00e9
5 1 0 78 1b0edee4
5 1 0 79 e52614b8
5 1 0 80 fbfc293e
5 1 0 81 81d1e912
5 1 0 82 1d0bcbdf
5 1 0 83 d0c1400
5 1 0 84 cd503b9
5 1 0 85 e6127f08
5 1 0 86 15117f6
5 1 0 87 16e0ecf0
5 1 0 88 41161813
5 1 0 89 4dea07e2
5 1 0 90 edfd0985
5 1 0 91 38d605ef
5 1 0 92 2b8a0357
5 1 0 93 bb51e8c1
5 1 0 94 f9f681f4
5 1 0 95 fd002b32
5 1 0 96 241ce71b
5 1 0 97 e8067ff0
5 1 0 98 c31aca81
5 1 0 99 27bae206
5 1 0 100 d711f140
5 1 0 101 7c090521
5 1 0 102 d40b0cbf
5 1 0 103 cc61202d
5 1 0 104 3b3617d7
5 1 0 105 e358e5e2
5 1 0 106 d12e1bc8
5 1 0 107 f4fa03f0
5 1 0 108 ed1ad87f
5 1 0 109 48f1345c
5 1 0 110 b10d8131
5 1 0 111 d1e2094c
5 1 0 112 d6eed67f
5 1 0 113 f6cbfafe
5 1 0 114 2eec0457
5 1 0 115 8f03d303
5 1 0 116 86df06fc
5 1 0 117 2b64ed2e
5 1 0 118 2e00121
5 1 0 119 ee04067f
5 1 0 120 81e81ee3
5 1 0 121 6f30bfd
5 1 0 122 cfd1a0f
5 1 0 123 7ffcb717
5 1 0 124 4cf64775
5 1 0 125 af4db92b
5 1 0 126 1eea08aa
5 1 0 127 2dfcd3fc
5 1 0 128 85de08fc
5 1 0 129 f5f50df5
5 1 0 130 b7e1e622
5 1 0 131 f9120b
5 1 0 132 1d2b4420
5 1 0 133 d3fcedda
5 1 0 134 ecd80128
5 1 0 135 58231622
5 1 0 136 f90d071e
5 1 0 137 c49eede4
5 1 0 138 5061917
5 1 0 139 54f53951
5 1 0 140 46b32a4c
5 1 0 141 7fedb40c
5 1 0 142 14c909f8
5 1 0 143 740d3428
5 0 0 0 9900451
5 0 0 1 392fff37
5 0 0 2 89032d7
5 0 0 3 1cffdde9
5 0 0 4 d0fe5cc
5 0 0 5 94010c0
5 0 0 6 4eff7f3
5 0 0 7 1280061f
5 0 0 8 11501919
5 0 0 9 11e03cbd
5 0 0 10 15b01b17
5 0 0 11 452fffef
5 0 0 12 61002b4
5 0 0 13 710034c
5 0 0 14 18affa43
5 0 0 15 f400529
5 0 0 16 102ffa5b
5 0 0 17 1c1017a2
5 0 0 18 1b8fe8af
5 0 0 19 13e00e33
5 0 0 20 e3007dd
5 0 0 21 1affeff4
5 0 0 22 f9017f1
5 0 0 23 189fd2c4
5 0 0 24 9900451
5 0 0 25 392fff37
5 0 0 26 89032d7
5 0 0 27 1cffdde9
5 0 0 28 d0fe5cc
5 0 0 29 94010c0
5 0 0 30 4eff7f3
5 0 0 31 1280061f
5 0 0 32 11501919
5 0 0 33 11e03cbd
5 0 0 34 15b01b17
5 0 0 35 452fffef
5 0 0 36 61002b4
5 0 0 37 710034c
5 0 0 38 18affa43
5 0 0 39 f400529
5 0 0 40 102ffa5b
5 0 0 41 1c1017a2
5 0 0 42 1b8fe8af
5 0 0 43 13e00e33
5 0 0 44 e3007dd
5 0 0 45 1affeff4
5 0 0 46 f9017f1
5 0 0 47 189fd2c4
5 0 0 48 1ba00db3
5 0 0 49 1e3ffbb1
5 0 0 50 6f0275e
5 0 0 51 dbff08b
5 0 0 52 d4ff0d2
5 0 0 53 a8015b9
5 0 0 54 f2ffe59
5 0 0 55 cc013d8
5 0 0 56 13b014de
5 0 0 57 2640205e
5 0 0 58 21502cc4
5 0 0 59 42c000d2
5 0 0 60 5d00be3
5 0 0 61 77fff4f
5 0 0 62 151fff29
5 0 0 63 b0014bf
5 0 0 64 76ffda4
5 0 0 65 2a01254
5 0 0 66 178feaeb
5 0 0 67 bf00631
5 0 0 68 11500fbf
5 0 0 69 146ffbcb
5 0 0 70 f201aa6
5 0 0 71 132fe952
5 0 0 72 1ba00db3
5 0 0 73 1e3ffbb1
5 0 0 74 6f0275e
5 0 0 75 dbff08b
5 0 0 76 d4ff0d2
5 0 0 77 a8015b9
5 0 0 78 f2ffe59
5 0 0 79 cc013d8
5 0 0 80 13b014de
5 0 0 81 2640205e
5 0 0 82 21502cc4
5 0 0 83 42c000d2
5 0 0 84 5d00be3
5 0 0 85 77fff4f
5 0 0 86 151fff29
5 0 0 87 b0014bf
5 0 0 88 76ffda4
5 0 0 89 2a01254
5 0 0 90 178feaeb
5 0 0 91 bf00631
5 0 0 92 11500fbf
5 0 0 93 146ffbcb
5 0 0 94 f201aa6
5 0 0 95 132fe952
5 0 0 96 18902687
5 0 0 97 44001075
5 0 0 98 b3034d1
5 0 0 99 83ff560
5 0 0 100 161fc9c7
5 0 0 101 d000372
5 0 0 102 d500335
5 0 0 103 db007e7
5 0 0 104 12501310
5 0 0 105 13304047
5 0 0 106 11f01c74
5 0 0 107 423ffbcf
5 0 0 108 4b006da
5 0 0 109 7fff9d4
5 0 0 110 13affcb3
5 0 0 111 10a0087b
5 0 0 112 13f00027
5 0 0 113 236033e3
5 0 0 114 1befe07a
5 0 0 115 14cff151
5 0 0 116 ae01d47
5 0 0 117 12001abb
5 0 0 118 12a0300b
5 0 0 119 22cfae96
5 0 0 120 18902687
5 0 0 121 44001075
5 0 0 122 b3034d1
5 0 0 123 83ff560
5 0 0 124 161fc9c7
5 0 0 125 d000372
5 0 0 126 d500335
5 0 0 127 db007e7
5 0 0 128 12501310
5 0 0 129 13304047
5 0 0 130 11f01c74
5 0 0 131 423ffbcf
5 0 0 132 4b006da
5 0 0 133 7fff9d4
5 0 0 134 13affcb3
5 0 0 135 10a0087b
5 0 0 136 13f00027
5 0 0 137 236033e3
5 0 0 138 1befe07a
5 0 0 139 14cff151
5 0 0 140 ae01d47
5 0 0 141 12001abb
5 0 0 142 12a0300b
5 0 0 143 22cfae96
5 0 0 144 14a01632
5 0 0 145 2d9ff9f3
5 0 0 146 9402c55
5 0 0 147 3e001f3
5 0 0 148 99fef26
5 0 0 149 bc0212f
5 0 0 150 7bff9ea
5 0 0 151 14501e57
5 0 0 152 8900b03
5 0 0 153 1dd04164
5 0 0 154 16c0290c
5 0 0 155 420ffd43
5 0 0 156 58007d4
5 0 0 157 6b0022f
5 0 0 158 16c012ea
5 0 0 159 198ffdbe
5 0 0 160 10e008e4
5 0 0 161 19401916
5 0 0 162 f2ff3f0
5 0 0 163 12501542
5 0 0 164 116000a7
5 0 0 165 1420036d
5 0 0 166 bb01318
5 0 0 167 1c1fd958
5 0 0 168 14a01632
5 0 0 169 2d9ff9f3
5 0 0 170 9402c55
5 0 0 171 3e001f3
5 0 0 172 99fef26
5 0 0 173 bc0212f
5 0 0 174 7bff9ea
5 0 0 175 14501e57
5 0 0 176 8900b03
5 0 0 177 1dd04164
5 0 0 178 16c0290c
5 0 0 179 420ffd43
5 0 0 180 58007d4
5 0 0 181 6b0022f
5 0 0 182 16c012ea
5 0 0 183 198ffdbe
5 0 0 184 10e008e4
5 0 0 185 19401916
5 0 0 186 f2ff3f0
5 0 0 187 12501542
5 0 0 188 116000a7
5 0 0 189 1420036d
5 0 0 190 bb01318
5 0 0 191 1c1fd958
6 1 0 0 d9ee0809
6 1 0 1 d3e5120b
6 1 0 2 9cf9061b
6 1 0 3 f0d9167f
6 1 0 4 817f7f6f
6 1 0 5 b3fbf103
6 1 0 6 cced09ee
6 1 0 7 b0f8f5f8
6 1 0 8 fd010803
6 1 0 9 5a230bcc
6 1 0 10 1af50d13
6 1 0 11 f1e6041b
6 1 0 12 7f2e2381
6 1 0 13 34e38124
6 1 0 14 14bdf320
6 1 0 15 2e7fffd0
6 1 0 16 2916142c
6 1 0 17 ead0a1c
6 1 0 18 cf07e6fd
6 1 0 19 5f7f7eef
6 1 0 20 c54a1c05
6 1 0 21 dd2f29ff
6 1 0 22 7f2f7f7f
6 1 0 23 d03d09fe
6 1 0 24 cf3765fc
6 1 0 25 73fc07ff
6 1 0 26 ccf60403
6 1 0 27 fafc3efa
6 1 0 28 b42ab01
6 1 0 29 f7f881f4
6 1 0 30 f80e5006
6 1 0 31 7f7f457f
6 1 0 32 70396e6
6 1 0 33 9052906
6 1 0 34 1df66f6
6 1 0 35 fa0200fd
6 1 0 36 fb0ca806
6 1 0 37 2ce6cc05
6 1 0 38 187fc9f5
6 1 0 39 5eec881
6 1 0 40 7fb3f870
6 1 0 41 6e2bec0e
6 1 0 42 fb468179
6 1 0 43 fbd9a78b
6 1 0 44 146c94fd
6 1 0 45 810f0518
6 1 0 46 db2a7ff9
6 1 0 47 b4f52f03
6 1 0 48 202f471a
6 1 0 49 75550481
6 1 0 50 fa19f1fc
6 1 0 51 d63804f8
6 1 0 52 967f0c0c
6 1 0 53 c227f223
6 0 0 0 1c65ffd5b
6 0 0 1 150cfe1ed
6 0 0 2 31a200504
6 0 0 3 2373031ea
6 0 0 4 302800592
6 0 0 5 18a902bc3
6 0 0 6 55b900269
6 0 0 7 1dc5f5c38
6 0 0 8 1f4e00be7
6 0 0 9 12fef87ad
6 0 0 10 a22ff385
6 0 0 11 1305fcfb6
6 0 0 12 3e2cfcfec
6 0 0 13 fe5ffe7a
6 0 0 14 fb501d5e
6 0 0 15 16e4fe10a
6 0 0 16 6fcd0043b
6 0 0 17 163e04611
6 0 0 18 2b9cfc553
6 0 0 19 e0dff0da
6 0 0 20 1ce00156d
6 0 0 21 152cfd79b
6 0 0 22 189ff4ff6
6 0 0 23 1a530419c
6 0 0 24 1c65ffd5b
6 0 0 25 150cfe1ed
6 0 0 26 31a200504
6 0 0 27 2373031ea
6 0 0 28 302800592
6 0 0 29 18a902bc3
6 0 0 30 55b900269
6 0 0 31 1dc5f5c38
6 0 0 32 1f4e00be7
6 0 0 33 12fef87ad
6 0 0 34 a22ff385
6 0 0 35 1305fcfb6
6 0 0 36 3e2cfcfec
6 0 0 37 fe5ffe7a
6 0 0 38 fb501d5e
6 0 0 39 16e4fe10a
6 0 0 40 6fcd0043b
6 0 0 41 163e04611
6 0 0 42 2b9cfc553
6 0 0 43 e0dff0da
6 0 0 44 1ce00156d
6 0 0 45 152cfd79b
6 0 0 46 189ff4ff6
6 0 0 47 1a530419c
6 0 0 48 1645ffcd8
6 0 0 49 2349ffade
6 0 0 50 5075fff1a
6 0 0 51 1cb301a46
6 0 0 52 376f0195c
6 0 0 53 14a401c8b
6 0 0 54 701400aba
6 0 0 55 76ffdbac
6 0 0 56 10420040c
6 0 0 57 341bfda49
6 0 0 58 6bdffa91
6 0 0 59 f93fdb82
6 0 0 60 4621fbff3
6 0 0 61 fa8011bc
6 0 0 62 10f3005df
6 0 0 63 446afb809
6 0 0 64 a05f003ef
6 0 0 65 bdc02764
6 0 0 66 d7dfc670
6 0 0 67 2304ff9c1
6 0 0 68 bcc0148b
6 0 0 69 ddd0087b
6 0 0 70 14e1f6bfa
6 0 0 71 149c02e7b
6 0 0 72 1645ffcd8
6 0 0 73 2349ffade
6 0 0 74 5075fff1a
6 0 0 75 1cb301a46
6 0 0 76 376f0195c
6 0 0 77 14a401c8b
6 0 0 78 701400aba
6 0 0 79 76ffdbac
6 0 0 80 10420040c
6 0 0 81 341bfda49
6 0 0 82 6bdffa91
6 0 0 83 f93fdb82
6 0 0 84 4621fbff3
6 0 0 85 fa8011bc
6 0 0 86 10f3005df
6 0 0 87 446afb809
6 0 0 88 a05f003ef
6 0 0 89 bdc02764
6 0 0 90 d7dfc670
6 0 0 91 2304ff9c1
6 0 0 92 bcc0148b
6 0 0 93 ddd0087b
6 0 0 94 14e1f6bfa
6 0 0 95 149c02e7b
6 0 0 96 140affc0f
6 0 0 97 17dafe952
6 0 0 98 30480003d
6 0 0 99 16e201c45
6 0 0 100 26010170f
6 0 0 101 21f2026fb
6 0 0 102 4fe7007fa
6 0 0 103 1aebf7052
6 0 0 104 1cc600bf7
6 0 0 105 7c7fd594
6 0 0 106 a46fe8a1
6 0 0 107 f05fd15e
6 0 0 108 4515fcd6f
6 0 0 109 1bddff0e7
6 0 0 110 1272014e1
6 0 0 111 1ddcfd636
6 0 0 112 1d3c003d7
6 0 0 113 fed03ac1
6 0 0 114 1331fe9a4
6 0 0 115 1553ffdb7
6 0 0 116 1df905152
6 0 0 117 15f3fea21
6 0 0 118 d95fa2b5
6 0 0 119 13b603c9f
6 0 0 120 140affc0f
6 0 0 121 17dafe952
6 0 0 122 30480003d
6 0 0 123 16e201c45
6 0 0 124 26010170f
6 0 0 125 21f2026fb
6 0 0 126 4fe7007fa
6 0 0 127 1aebf7052
6 0 0 128 1cc600bf7
6 0 0 129 7c7fd594
6 0 0 130 a46fe8a1
6 0 0 131 f05fd15e
6 0 0 132 4515fcd6f
6 0 0 133 1bddff0e7
6 0 0 134 1272014e1
6 0 0 135 1ddcfd636
6 0 0 136 1d3c003d7
6 0 0 137 fed03ac1
6 0 0 138 1331fe9a4
6 0 0 139 1553ffdb7
6 0 0 140 1df905152
6 0 0 141 15f3fea21
6 0 0 142 d95fa2b5
6 0 0 143 13b603c9f
6 0 0 144 1347ff505
6 0 0 145 14f0fd8f6
6 0 0 146 31130007e
6 0 0 147 194d032ab
6 0 0 148 321600736
6 0 0 149 134602da4
6 0 0 150 48c1008ed
6 0 0 151 162ffaa59
6 0 0 152 3227ffe3d
6 0 0 153 1c6df5b45
6 0 0 154 4f400862
6 0 0 155 1962fcf81
6 0 0 156 3b3dfc0ec
6 0 0 157 a3affc12
6 0 0 158 c5c012f9
6 0 0 159 1abcfc1e8
6 0 0 160 56ab004a2
6 0 0 161 f38036ea
6 0 0 162 169ffcb8d
6 0 0 163 1189fe803
6 0 0 164 f2200ff9
6 0 0 165 19fcfcd98
6 0 0 166 19abf4e6a
6 0 0 167 13be03413
6 0 0 168 1347ff505
6 0 0 169 14f0fd8f6
6 0 0 170 31130007e
6 0 0 171 194d032ab
6 0 0 172 321600736
6 0 0 173 134602da4
6 0 0 174 48c1008ed
6 0 0 175 162ffaa59
6 0 0 176 3227ffe3d
6 0 0 177 1c6df5b45
6 0 0 178 4f400862
6 0 0 179 1962fcf81
6 0 0 180 3b3dfc0ec
6 0 0 181 a3affc12
6 0 0 182 c5c012f9
6 0 0 183 1abcfc1e8
6 0 0 184 56ab004a2
6 0 0 185 f38036ea
6 0 0 186 169ffcb8d
6 0 0 187 1189fe803
6 0 0 188 f2200ff9
6 0 0 189 19fcfcd98
6 0 0 190 19abf4e6a
6 0 0 191 13be03413
7 1 0 0 2b26fa7f
7 1 0 1 fcf01520
7 1 0 2 7fe10d0b
7 1 0 3 7ff2faf9
7 1 0 4 dbfae804
7 1 0 5 1cccf5b9
7 1 0 6 ffffff05
7 1 0 7 d5fb7f63
7 1 0 8 ffe616ec
7 1 0 9 bf16215b
7 1 0 10 26f5e5e0
7 1 0 11 d1fd4801
7 1 0 12 6a3d140b
7 1 0 13 1a4f06f0
7 1 0 14 fbf5f305
7 1 0 15 8134f7fa
7 1 0 16 7fd929f0
7 1 0 17 30169434
7 1 0 18 716b1009
7 1 0 19 cf4118f8
7 1 0 20 ed17d725
7 1 0 21 d311ad3
7 1 0 22 33f9e408
7 1 0 23 a80bac57
7 1 0 24 e63338af
7 1 0 25 4f8eb24
7 1 0 26 122325fc
7 1 0 27 fbfa03f1
7 1 0 28 e23915f0
7 1 0 29 afe8137
7 1 0 30 f900effb
7 1 0 31 f54dad1e
7 1 0 32 32fd3719
7 1 0 33 b5cf997f
7 1 0 34 11231aec
7 1 0 35 151c2314
7 1 0 36 1b00ebf3
7 1 0 37 27f401e4
7 1 0 38 803020a
7 1 0 39 eaee233a
7 1 0 40 19f92fe9
7 1 0 41 3c05fee2
7 1 0 42 26f901fa
7 1 0 43 1b213519
7 1 0 44 33831ee
7 1 0 45 fff24931
7 1 0 46 edb7fc3b
7 1 0 47 d6ca903d
7 1 0 48 f310d6e1
7 1 0 49 530581e8
7 1 0 50 30ecff01
7 1 0 51 3af8ee00
7 1 0 52 81e5f43d
7 1 0 53 fec2320e
7 1 0 54 f9030bf7
7 1 0 55 dbeebbe1
7 1 0 56 2028b8ff
7 1 0 57 1df5168c
7 1 0 58 453fe10
7 1 0 59 a5d8f928
7 1 0 60 7f22fd13
7 1 0 61 7ef9ff01
7 1 0 62 fc09f4f4
7 1 0 63 ebe420d8
7 1 0 64 150d1f5a
7 1 0 65 175aaf53
7 1 0 66 42fdff03
7 1 0 67 4e26b431
7 1 0 68 fcdff50b
7 1 0 69 1ee335fd
7 1 0 70 812a2e1d
7 1 0 71 d314f982
7 1 0 72 ddf2f9e5
7 1 0 73 5709f8
7 1 0 74 22170e04
7 1 0 75 60202fa
7 1 0 76 23f1d907
7 1 0 77 9d4fdf1
7 1 0 78 40802f6
7 1 0 79 5354fe30
7 1 0 80 1f01110a
7 1 0 81 af607fb
7 1 0 82 15fcfa2c
7 1 0 83 23182b0c
7 1 0 84 fc15084c
7 1 0 85 f918f8f5
7 1 0 86 3810cfd
7 1 0 87 19f20312
7 1 0 88 2ade3dfe
7 1 0 89 c8b0013
7 1 0 90 f718c8a7
7 1 0 91 bc2d1308
7 1 0 92 10b1208
7 1 0 93 7ff4fb0f
7 1 0 94 ced4bcb2
7 1 0 95 2bd01ed
7 1 0 96 ae1f1cf9
7 1 0 97 eef422f6
7 1 0 98 6eb21fd
7 1 0 99 fcfdf4e7
7 1 0 100 21070708
7 1 0 101 ff1552ea
7 1 0 102 f7fc0081
7 1 0 103 1b26fdf7
7 1 0 104 81f40800
7 1 0 105 b6421104
7 1 0 106 8eb881f8
7 1 0 107 1bde7fed
7 1 0 108 1367d1f5
7 1 0 109 f524e2fb
7 1 0 110 20b04fc
7 1 0 111 10400ff
7 1 0 112 d1349bfb
7 1 0 113 7fe7f4f2
7 1 0 114 27fc1f4
7 1 0 115 c8f508f6
7 1 0 116 930d11f7
7 1 0 117 cf130602
7 1 0 118 e445c402
7 1 0 119 d9187f03
7 1 0 120 260006f5
7 1 0 121 f616dbf8
7 1 0 122 f8e7e8b8
7 1 0 123 807fb05
7 1 0 124 bb17fe20
7 1 0 125 110af9a5
7 1 0 126 fb00fefe
7 1 0 127 870d8bef
7 1 0 128 10f444e0
7 1 0 129 aa381460
7 1 0 130 46d3f705
7 1 0 131 afbcea1d
7 1 0 132 a824cd0d
7 1 0 133 c17fe7e0
7 1 0 134 70df204
7 1 0 135 fc15ee28
7 1 0 136 1f042ddc
7 1 0 137 f90398d0
7 1 0 138 8d58eef3
7 1 0 139 ef0081d5
7 1 0 140 d41c1481
7 1 0 141 f2ebe92b
7 1 0 142 e0f4160
7 1 0 143 3203ff2a
7 0 0 0 11e0052e
7 0 0 1 13e00329
7 0 0 2 edffeb3
7 0 0 3 48cfc1fb
7 0 0 4 36d01598
7 0 0 5 17300882
7 0 0 6 50300a68
7 0 0 7 13200f6f
7 0 0 8 4610015a
7 0 0 9 2d404244
7 0 0 10 1b502ffb
7 0 0 11 270ff9f5
7 0 0 12 ba00324
7 0 0 13 e3ffab0
7 0 0 14 399023f2
7 0 0 15 384032ec
7 0 0 16 1d901949
7 0 0 17 16801ccd
7 0 0 18 24e00104
7 0 0 19 3420144d
7 0 0 20 26f02ad9
7 0 0 21 4ca0015c
7 0 0 22 9e01e09
7 0 0 23 2fb0357d
7 0 0 24 11e0052e
7 0 0 25 13e00329
7 0 0 26 edffeb3
7 0 0 27 48cfc1fb
7 0 0 28 36d01598
7 0 0 29 17300882
7 0 0 30 50300a68
7 0 0 31 13200f6f
7 0 0 32 4610015a
7 0 0 33 2d404244
7 0 0 34 1b502ffb
7 0 0 35 270ff9f5
7 0 0 36 ba00324
7 0 0 37 e3ffab0
7 0 0 38 399023f2
7 0 0 39 384032ec
7 0 0 40 1d901949
7 0 0 41 16801ccd
7 0 0 42 24e00104
7 0 0 43 3420144d
7 0 0 44 26f02ad9
7 0 0 45 4ca0015c
7 0 0 46 9e01e09
7 0 0 47 2fb0357d
7 0 0 48 1abff7ce
7 0 0 49 120005ad
7 0 0 50 11100a69
7 0 0 51 770fce26
7 0 0 52 23c00bc1
7 0 0 53 3d403cc7
7 0 0 54 5fa012a7
7 0 0 55 880028f
7 0 0 56 44f001ce
7 0 0 57 36f024dc
7 0 0 58 223017df
7 0 0 59 34601901
7 0 0 60 4e0106f
7 0 0 61 fd00019
7 0 0 62 3be01644
7 0 0 63 2060337f
7 0 0 64 12c0236c
7 0 0 65 3f2000d2
7 0 0 66 28700d8d
7 0 0 67 37f01894
7 0 0 68 3f801940
7 0 0 69 2e400060
7 0 0 70 5a01769
7 0 0 71 301041d4
7 0 0 72 1abff7ce
7 0 0 73 120005ad
7 0 0 74 11100a69
7 0 0 75 770fce26
7 0 0 76 23c00bc1
7 0 0 77 3d403cc7
7 0 0 78 5fa012a7
7 0 0 79 880028f
7 0 0 80 44f001ce
7 0 0 81 36f024dc
7 0 0 82 223017df
7 0 0 83 34601901
7 0 0 84 4e0106f
7 0 0 85 fd00019
7 0 0 86 3be01644
7 0 0 87 2060337f
7 0 0 88 12c0236c
7 0 0 89 3f2000d2
7 0 0 90 28700d8d
7 0 0 91 37f01894
7 0 0 92 3f801940
7 0 0 93 2e400060
7 0 0 94 5a01769
7 0 0 95 301041d4
7 0 0 96 1a5ff21b
7 0 0 97 2610145b
7 0 0 98 8300ea7
7 0 0 99 9bbfbb99
7 0 0 100 2fcfff02
7 0 0 101 2200365c
7 0 0 102 b3902c16
7 0 0 103 12d01f9c
7 0 0 104 1caff46c
7 0 0 105 24901a00
7 0 0 106 1960163a
7 0 0 107 26fffc15
7 0 0 108 aa00bc1
7 0 0 109 e9005d2
7 0 0 110 2e301abe
7 0 0 111 3660221e
7 0 0 112 2afffa07
7 0 0 113 55403788
7 0 0 114 26201a4c
7 0 0 115 54b04303
7 0 0 116 2bd02250
7 0 0 117 325fdcbc
7 0 0 118 9200c80
7 0 0 119 20e03039
7 0 0 120 1a5ff21b
7 0 0 121 2610145b
7 0 0 122 8300ea7
7 0 0 123 9bbfbb99
7 0 0 124 2fcfff02
7 0 0 125 2200365c
7 0 0 126 b3902c16
7 0 0 127 12d01f9c
7 0 0 128 1caff46c
7 0 0 129 24901a00
7 0 0 130 1960163a
7 0 0 131 26fffc15
7 0 0 132 aa00bc1
7 0 0 133 e9005d2
7 0 0 134 2e301abe
7 0 0 135 3660221e
7 0 0 136 2afffa07
7 0 0 137 55403788
7 0 0 138 26201a4c
7 0 0 139 54b04303
7 0 0 140 2bd02250
7 0 0 141 325fdcbc
7 0 0 142 9200c80
7 0 0 143 20e03039
7 0 0 144 feff7d2
7 0 0 145 125002e4
7 0 0 146 b800d5c
7 0 0 147 42bfbd45
7 0 0 148 460ffcc1
7 0 0 149 1c2017fc
7 0 0 150 6a101173
7 0 0 151 14e0120d
7 0 0 152 2beff7d1
7 0 0 153 33e055d2
7 0 0 154 34501d8f
7 0 0 155 368005b0
7 0 0 156 148ffc30
7 0 0 157 1500045c
7 0 0 158 498030cc
7 0 0 159 2e80349c
7 0 0 160 21e010c9
7 0 0 161 2af009c6
7 0 0 162 2be00d9c
7 0 0 163 2c1012e8
7 0 0 164 347022d8
7 0 0 165 3dd02a90
7 0 0 166 83006b9
7 0 0 167 325049b6
7 0 0 168 feff7d2
7 0 0 169 125002e4
7 0 0 170 b800d5c
7 0 0 171 42bfbd45
7 0 0 172 460ffcc1
7 0 0 173 1c2017fc
7 0 0 174 6a101173
7 0 0 175 14e0120d
7 0 0 176 2beff7d1
7 0 0 177 33e055d2
7 0 0 178 34501d8f
7 0 0 179 368005b0
7 0 0 180 148ffc30
7 0 0 181 1500045c
7 0 0 182 498030cc
7 0 0 183 2e80349c
7 0 0 184 21e010c9
7 0 0 185 2af009c6
7 0 0 186 2be00d9c
7 0 0 187 2c1012e8
7 0 0 188 347022d8
7 0 0 189 3dd02a90
7 0 0 190 83006b9
7 0 0 191 325049b6
8 1 0 0 fef00601
8 1 0 1 4f231808
8 1 0 2 f2f507f3
8 1 0 3 d300a9
8 1 0 4 7f7f5f7f
8 1 0 5 ee24df6e
8 1 0 6 407faff
8 1 0 7 36c87ffe
8 1 0 8 e4cbeff7
8 1 0 9 ffc039b
8 1 0 10 21bd44e0
8 1 0 11 1538f3b4
8 1 0 12 19177fcf
8 1 0 13 817f1052
8 1 0 14 fb9f36ed
8 1 0 15 cec0981
8 1 0 16 6f91fd5
8 1 0 17 fd071cbc
8 1 0 18 8111e62d
8 1 0 19 b8acd31f
8 1 0 20 85f2c140
8 1 0 21 c57f5d21
8 1 0 22 3db5bf2c
8 1 0 23 b6cd9144
8 1 0 24 bf37edff
8 1 0 25 c21d9b73
8 1 0 26 a704817f
8 1 0 27 ff011a09
8 1 0 28 dee60107
8 1 0 29 1f04d514
8 1 0 30 e50c1501
8 1 0 31 f4564881
8 1 0 32 400f810f
8 1 0 33 c00040a
8 1 0 34 7f810f16
8 1 0 35 dd01e60e
8 1 0 36 112010b6
8 1 0 37 1d182cb7
8 1 0 38 4433fc81
8 1 0 39 f30dc3f3
8 1 0 40 52818118
8 1 0 41 8100cfff
8 1 0 42 862bdba5
8 1 0 43 1a12bed7
8 1 0 44 3022eca9
8 1 0 45 b94efcde
8 1 0 46 16510106
8 1 0 47 55e8fee8
8 1 0 48 f353fd85
8 1 0 49 b5667f68
8 1 0 50 7ff7f70f
8 1 0 51 abdb0030
8 1 0 52 d6811781
8 1 0 53 4dcaface
8 0 0 0 21ebff4c0
8 0 0 1 11acff8d4
8 0 0 2 243cfff9b
8 0 0 3 75a7ffb5f
8 0 0 4 afc0204c
8 0 0 5 e8bff21e
8 0 0 6 563c0054e
8 0 0 7 272d01eb0
8 0 0 8 71d0023a
8 0 0 9 651020b9
8 0 0 10 1c13ffb83
8 0 0 11 8bd02251
8 0 0 12 44f90186f
8 0 0 13 2e9e015ef
8 0 0 14 2486001e5
8 0 0 15 1d91fdc2b
8 0 0 16 1fed05c49
8 0 0 17 ac402527
8 0 0 18 18a5007c8
8 0 0 19 c8cffff7
8 0 0 20 c6802f3b
8 0 0 21 19f8ffec6
8 0 0 22 ca700743
8 0 0 23 da2ff8cd
8 0 0 24 21ebff4c0
8 0 0 25 11acff8d4
8 0 0 26 243cfff9b
8 0 0 27 75a7ffb5f
8 0 0 28 afc0204c
8 0 0 29 e8bff21e
8 0 0 30 563c0054e
8 0 0 31 272d01eb0
8 0 0 32 71d0023a
8 0 0 33 651020b9
8 0 0 34 1c13ffb83
8 0 0 35 8bd02251
8 0 0 36 44f90186f
8 0 0 37 2e9e015ef
8 0 0 38 2486001e5
8 0 0 39 1d91fdc2b
8 0 0 40 1fed05c49
8 0 0 41 ac402527
8 0 0 42 18a5007c8
8 0 0 43 c8cffff7
8 0 0 44 c6802f3b
8 0 0 45 19f8ffec6
8 0 0 46 ca700743
8 0 0 47 da2ff8cd
8 0 0 48 12a6ffe47
8 0 0 49 11e0ffe8b
8 0 0 50 35f6000aa
8 0 0 51 3edfff9b0
8 0 0 52 bee01b94
8 0 0 53 bc6ff75a
8 0 0 54 2496008b9
8 0 0 55 1c7601a0f
8 0 0 56 5d9ffe8c
8 0 0 57 bfa02a1c
8 0 0 58 b0f007ba
8 0 0 59 93703900
8 0 0 60 3e32021fd
8 0 0 61 33cc01fea
8 0 0 62 2954001b9
8 0 0 63 1925fe262
8 0 0 64 1ec40706d
8 0 0 65 e9f03052
8 0 0 66 14cd01438
8 0 0 67 21e9006ef
8 0 0 68 7a2021f9
8 0 0 69 191a00124
8 0 0 70 145100581
8 0 0 71 18a40008f
8 0 0 72 12a6ffe47
8 0 0 73 11e0ffe8b
8 0 0 74 35f6000aa
8 0 0 75 3edfff9b0
8 0 0 76 bee01b94
8 0 0 77 bc6ff75a
8 0 0 78 2496008b9
8 0 0 79 1c7601a0f
8 0 0 80 5d9ffe8c
8 0 0 81 bfa02a1c
8 0 0 82 b0f007ba
8 0 0 83 93703900
8 0 0 84 3e32021fd
8 0 0 85 33cc01fea
8 0 0 86 2954001b9
8 0 0 87 1925fe262
8 0 0 88 1ec40706d
8 0 0 89 e9f03052
8 0 0 90 14cd01438
8 0 0 91 21e9006ef
8 0 0 92 7a2021f9
8 0 0 93 191a00124
8 0 0 94 145100581
8 0 0 95 18a40008f
8 0 0 96 253e00327
8 0 0 97 13aaff48d
8 0 0 98 214bff4f0
8 0 0 99 4a80ff285
8 0 0 100 11ae02bbd
8 0 0 101 b76ffed0
8 0 0 102 1b6000590
8 0 0 103 15e401ad7
8 0 0 104 5f0fff73
8 0 0 105 3b500f08
8 0 0 106 1708fff2a
8 0 0 107 65201db5
8 0 0 108 4167019c5
8 0 0 109 239501b16
8 0 0 110 31f4fffda
8 0 0 111 1615fe947
8 0 0 112 5da01c81
8 0 0 113 8fd01521
8 0 0 114 162400c14
8 0 0 115 17c4ff6ce
8 0 0 116 adb01a7a
8 0 0 117 1d69ff72e
8 0 0 118 105900412
8 0 0 119 93a001bf
8 0 0 120 253e00327
8 0 0 121 13aaff48d
8 0 0 122 214bff4f0
8 0 0 123 4a80ff285
8 0 0 124 11ae02bbd
8 0 0 125 b76ffed0
8 0 0 126 1b6000590
8 0 0 127 15e401ad7
8 0 0 128 5f0fff73
8 0 0 129 3b500f08
8 0 0 130 1708fff2a
8 0 0 131 65201db5
8 0 0 132 4167019c5
8 0 0 133 239501b16
8 0 0 134 31f4fffda
8 0 0 135 1615fe947
8 0 0 136 5da01c81
8 0 0 137 8fd01521
8 0 0 138 162400c14
8 0 0 139 17c4ff6ce
8 0 0 140 adb01a7a
8 0 0 141 1d69ff72e
8 0 0 142 105900412
8 0 0 143 93a001bf
8 0 0 144 1bdcff82b
8 0 0 145 13220016f
8 0 0 146 1eb600c1e
8 0 0 147 7dc4ff14b
8 0 0 148 103e02273
8 0 0 149 d69feeb0
8 0 0 150 27dd0098f
8 0 0 151 214201b06
8 0 0 152 c6400368
8 0 0 153 43301539
8 0 0 154 1484ffc40
8 0 0 155 9e7037c6
8 0 0 156 49ba018e0
8 0 0 157 313b015a9
8 0 0 158 207b00436
8 0 0 159 2315fccb1
8 0 0 160 12490498c
8 0 0 161 e2b03a41
8 0 0 162 18c300955
8 0 0 163 151000195
8 0 0 164 4e2026c4
8 0 0 165 1a86ff489
8 0 0 166 10eaff907
8 0 0 167 167fff1e5
8 0 0 168 1bdcff82b
8 0 0 169 13220016f
8 0 0 170 1eb600c1e
8 0 0 171 7dc4ff14b
8 0 0 172 103e02273
8 0 0 173 d69feeb0
8 0 0 174 27dd0098f
8 0 0 175 214201b06
8 0 0 176 c6400368
8 0 0 177 43301539
8 0 0 178 1484ffc40
8 0 0 179 9e7037c6
8 0 0 180 49ba018e0
8 0 0 181 313b015a9
8 0 0 182 207b00436
8 0 0 183 2315fccb1
8 0 0 184 12490498c
8 0 0 185 e2b03a41
8 0 0 186 18c300955
8 0 0 187 151000195
8 0 0 188 4e2026c4
8 0 0 189 1a86ff489
8 0 0 190 10eaff907
8 0 0 191 167fff1e5
9 1 0 0 1b01017f
9 1 0 1 ef07ff5
9 1 0 2 7ffb18fb
9 1 0 3 7ffdfffd
9 1 0 4 cce1e7f9
9 1 0 5 10cce40f
9 1 0 6 fd052d07
9 1 0 7 b18ac1c
9 1 0 8 1fe1eab3
9 1 0 9 207f09f2
9 1 0 10 f3c2b507
9 1 0 11 211d2ff
9 1 0 12 7f140708
9 1 0 13 7ffaff01
9 1 0 14 1ff0fbfa
9 1 0 15 12024f04
9 1 0 16 f93104de
9 1 0 17 50e19fb
9 1 0 18 322ff505
9 1 0 19 3122412
9 1 0 20 fbe12004
9 1 0 21 7f01001b
9 1 0 22 b4fdf603
9 1 0 23 7fceddec
9 1 0 24 f700f7e0
9 1 0 25 f11406d2
9 1 0 26 e0f0f703
9 1 0 27 504fe13
9 1 0 28 64f5f40f
9 1 0 29 9fa7fe9
9 1 0 30 bce604e7
9 1 0 31 39da388d
9 1 0 32 c0c0d579
9 1 0 33 21fb0508
9 1 0 34 50fceb08
9 1 0 35 4b0826aa
9 1 0 36 180304cd
9 1 0 37 4fef7f8
9 1 0 38 d9050600
9 1 0 39 400f5dd
9 1 0 40 c2f2047f
9 1 0 41 e9812e06
9 1 0 42 1a0c05f9
9 1 0 43 7fbf5bfa
9 1 0 44 fdeed2f9
9 1 0 45 2910dee4
9 1 0 46 11f106
9 1 0 47 b20015e9
9 1 0 48 1109fd16
9 1 0 49 3dfd0d0d
9 1 0 50 fb0513f2
9 1 0 51 1affff0e
9 1 0 52 ea7e8e8
9 1 0 53 fe18b54e
9 1 0 54 e9090f
9 1 0 55 81d3c3ab
9 1 0 56 7febda1c
9 1 0 57 edbee7cd
9 1 0 58 f3e93181
9 1 0 59 e98101a0
9 1 0 60 b8edddd1
9 1 0 61 2702fb0e
9 1 0 62 efc0412
9 1 0 63 1d20475a
9 1 0 64 e5d51aed
9 1 0 65 c0cf909
9 1 0 66 cdeaeee8
9 1 0 67 e5f5200
9 1 0 68 10dc1a7f
9 1 0 69 90b1cfd
9 1 0 70 7f12b9e5
9 1 0 71 de1bd7f2
9 1 0 72 fcfc11f1
9 1 0 73 9cef907
9 1 0 74 2fef4f3
9 1 0 75 fb01f903
9 1 0 76 f2090b01
9 1 0 77 203fdf1
9 1 0 78 14faf301
9 1 0 79 3dd6fb1b
9 1 0 80 48041c25
9 1 0 81 fa11fcdf
9 1 0 82 ef1afebe
9 1 0 83 b9b9c5f7
9 1 0 84 e3021117
9 1 0 85 1fe1501
9 1 0 86 681fa08
9 1 0 87 8111e301
9 1 0 88 1b09f529
9 1 0 89 123008f3
9 1 0 90 f101247f
9 1 0 91 d6f8e5c8
9 1 0 92 ed2a0515
9 1 0 93 fc08f90d
9 1 0 94 fb0a1ff2
9 1 0 95 bb06f6f1
9 1 0 96 ef0112ee
9 1 0 97 d0577dd
9 1 0 98 41d0005
9 1 0 99 fb090bfe
9 1 0 100 f0ebc418
9 1 0 101 f31ab52a
9 1 0 102 c13f3f8
9 1 0 103 dc069a48
9 1 0 104 28c90313
9 1 0 105 1e200505
9 1 0 106 3ec601bc
9 1 0 107 1c03a625
9 1 0 108 7040d35
9 1 0 109 73b01f8
9 1 0 110 3f82d19
9 1 0 111 f6f8b135
9 1 0 112 fafdec35
9 1 0 113 e4fd4b1a
9 1 0 114 f5150b07
9 1 0 115 c4f1c761
9 1 0 116 190fd8cc
9 1 0 117 3ffe28f9
9 1 0 118 102a08a9
9 1 0 119 11970e
9 1 0 120 28ff04d7
9 1 0 121 4d616ef
9 1 0 122 121fc00
9 1 0 123 42e0303
9 1 0 124 110d197f
9 1 0 125 ef1735fb
9 1 0 126 f4f4ee7f
9 1 0 127 f392f5d7
9 1 0 128 210c9f24
9 1 0 129 d0fe8cef
9 1 0 130 d25b2422
9 1 0 131 ea38fc32
9 1 0 132 dfef0bed
9 1 0 133 1090302
9 1 0 134 8ffeef3
9 1 0 135 c0a86ec
9 1 0 136 c17bf12
9 1 0 137 10e4abe6
9 1 0 138 f1fb0ae4
9 1 0 139 eca722a3
9 1 0 140 2a2a4a2f
9 1 0 141 ecf0a115
9 1 0 142 de40413
9 1 0 143 c7f05101
9 0 0 0 4d3fffde
9 0 0 1 5e3fdaaf
9 0 0 2 1cd00f83
9 0 0 3 2bbfee28
9 0 0 4 24a007ca
9 0 0 5 21bff28c
9 0 0 6 2a6fffcf
9 0 0 7 19301b6a
9 0 0 8 29b0030c
9 0 0 9 2c401691
9 0 0 10 17501576
9 0 0 11 22c02863
9 0 0 12 2f9006fc
9 0 0 13 2adff5ab
9 0 0 14 20f00461
9 0 0 15 37101e79
9 0 0 16 2580168e
9 0 0 17 7af01adb
9 0 0 18 52100b13
9 0 0 19 1de00281
9 0 0 20 13800c31
9 0 0 21 305ffc2e
9 0 0 22 7cffa49
9 0 0 23 28502943
9 0 0 24 4d3fffde
9 0 0 25 5e3fdaaf
9 0 0 26 1cd00f83
9 0 0 27 2bbfee28
9 0 0 28 24a007ca
9 0 0 29 21bff28c
9 0 0 30 2a6fffcf
9 0 0 31 19301b6a
9 0 0 32 29b0030c
9 0 0 33 2c401691
9 0 0 34 17501576
9 0 0 35 22c02863
9 0 0 36 2f9006fc
9 0 0 37 2adff5ab
9 0 0 38 20f00461
9 0 0 39 37101e79
9 0 0 40 2580168e
9 0 0 41 7af01adb
9 0 0 42 52100b13
9 0 0 43 1de00281
9 0 0 44 13800c31
9 0 0 45 305ffc2e
9 0 0 46 7cffa49
9 0 0 47 28502943
9 0 0 48 6db00464
9 0 0 49 4d5fed14
9 0 0 50 1d9003c8
9 0 0 51 2a4fe966
9 0 0 52 42201425
9 0 0 53 2cdff826
9 0 0 54 3d600474
9 0 0 55 1ea038fa
9 0 0 56 3f400494
9 0 0 57 37c0190e
9 0 0 58 cb005d7
9 0 0 59 28202cf5
9 0 0 60 2460103a
9 0 0 61 2a8fef3e
9 0 0 62 1a600d0c
9 0 0 63 2fb01bba
9 0 0 64 127015ca
9 0 0 65 35c0191f
9 0 0 66 34e00109
9 0 0 67 2640140d
9 0 0 68 331fedba
9 0 0 69 2b7ff999
9 0 0 70 14000a2
9 0 0 71 3c503eb2
9 0 0 72 6db00464
9 0 0 73 4d5fed14
9 0 0 74 1d9003c8
9 0 0 75 2a4fe966
9 0 0 76 42201425
9 0 0 77 2cdff826
9 0 0 78 3d600474
9 0 0 79 1ea038fa
9 0 0 80 3f400494
9 0 0 81 37c0190e
9 0 0 82 cb005d7
9 0 0 83 28202cf5
9 0 0 84 2460103a
9 0 0 85 2a8fef3e
9 0 0 86 1a600d0c
9 0 0 87 2fb01bba
9 0 0 88 127015ca
9 0 0 89 35c0191f
9 0 0 90 34e00109
9 0 0 91 2640140d
9 0 0 92 331fedba
9 0 0 93 2b7ff999
9 0 0 94 14000a2
9 0 0 95 3c503eb2
9 0 0 96 48c00946
9 0 0 97 3c0ff109
9 0 0 98 1b9ff94a
9 0 0 99 2b8fed01
9 0 0 100 30dffbb7
9 0 0 101 2a7fe0e5
9 0 0 102 53300426
9 0 0 103 1a501f38
9 0 0 104 23bfff5c
9 0 0 105 319010ac
9 0 0 106 16900758
9 0 0 107 36d01dcc
9 0 0 108 3180036f
9 0 0 109 2b7fefe7
9 0 0 110 1ad00aec
9 0 0 111 3e901b6e
9 0 0 112 2aa016f1
9 0 0 113 86601fb3
9 0 0 114 597ff5c1
9 0 0 115 20fff5e1
9 0 0 116 185ff610
9 0 0 117 264002ea
9 0 0 118 13affe36
9 0 0 119 2ca01da3
9 0 0 120 48c00946
9 0 0 121 3c0ff109
9 0 0 122 1b9ff94a
9 0 0 123 2b8fed01
9 0 0 124 30dffbb7
9 0 0 125 2a7fe0e5
9 0 0 126 53300426
9 0 0 127 1a501f38
9 0 0 128 23bfff5c
9 0 0 129 319010ac
9 0 0 130 16900758
9 0 0 131 36d01dcc
9 0 0 132 3180036f
9 0 0 133 2b7fefe7
9 0 0 134 1ad00aec
9 0 0 135 3e901b6e
9 0 0 136 2aa016f1
9 0 0 137 86601fb3
9 0 0 138 597ff5c1
9 0 0 139 20fff5e1
9 0 0 140 185ff610
9 0 0 141 264002ea
9 0 0 142 13affe36
9 0 0 143 2ca01da3
9 0 0 144 4bb00350
9 0 0 145 582fba9f
9 0 0 146 27400685
9 0 0 147 23fff0db
9 0 0 148 2e800c90
9 0 0 149 2a0ffe23
9 0 0 150 684fe13e
9 0 0 151 1e903d55
9 0 0 152 1bcff871
9 0 0 153 32e0141a
9 0 0 154 15e00ea1
9 0 0 155 241032c6
9 0 0 156 28f0128f
9 0 0 157 27bff654
9 0 0 158 21900919
9 0 0 159 3e402551
9 0 0 160 26b00b6d
9 0 0 161 8af00c94
9 0 0 162 4f301955
9 0 0 163 1f700ff2
9 0 0 164 1d1ff391
9 0 0 165 2c90133b
9 0 0 166 2e0064d
9 0 0 167 23d027ae
9 0 0 168 4bb00350
9 0 0 169 582fba9f
9 0 0 170 27400685
9 0 0 171 23fff0db
9 0 0 172 2e800c90
9 0 0 173 2a0ffe23
9 0 0 174 684fe13e
9 0 0 175 1e903d55
9 0 0 176 1bcff871
9 0 0 177 32e0141a
9 0 0 178 15e00ea1
9 0 0 179 241032c6
9 0 0 180 28f0128f
9 0 0 181 27bff654
9 0 0 182 21900919
9 0 0 183 3e402551
9 0 0 184 26b00b6d
9 0 0 185 8af00c94
9 0 0 186 4f301955
9 0 0 187 1f700ff2
9 0 0 188 1d1ff391
9 0 0 189 2c90133b
9 0 0 190 2e0064d
9 0 0 191 23d027ae
10 1 0 0 7ff0c0b
10 1 0 1 151118f5
10 1 0 2 7f07250e
10 1 0 3 e7000a2a
10 1 0 4 7e817f15
10 1 0 5 310326b7
10 1 0 6 c104f6d9
10 1 0 7 7dfa8f7f
10 1 0 8 edfdd8ad
10 1 0 9 f7ce2222
10 1 0 10 8131ccc0
10 1 0 11 11000f0a
10 1 0 12 de31bb81
10 1 0 13 ad811a1a
10 1 0 14 f04d46c7
10 1 0 15 e7ffc32b
10 1 0 16 54d7f9d
10 1 0 17 1cb2c1ea
10 1 0 18 e9f6e10e
10 1 0 19 19bc21de
10 1 0 20 6e00dfff
10 1 0 21 fc7f3fea
10 1 0 22 81d48123
10 1 0 23 19097459
10 1 0 24 4f4ff1a
10 1 0 25 22f937f
10 1 0 26 f4f07619
10 1 0 27 a1ffad1
10 1 0 28 2b4b02f3
10 1 0 29 c877818c
10 1 0 30 38e91635
10 1 0 31 81a6b6a5
10 1 0 32 4681dbcd
10 1 0 33 bf08f2dc
10 1 0 34 3e1510ef
10 1 0 35 21def81
10 1 0 36 50766dc
10 1 0 37 f10f9a0c
10 1 0 38 fdddffd9
10 1 0 39 f40799f6
10 1 0 40 1981ea4d
10 1 0 41 81d77ac9
10 1 0 42 d5fffee1
10 1 0 43 a80a7c81
10 1 0 44 f5e381c3
10 1 0 45 fe0308f6
10 1 0 46 f616f707
10 1 0 47 120bfb06
10 1 0 48 bd050140
10 1 0 49 7f8116d5
10 1 0 50 d3296bea
10 1 0 51 e1f217ea
10 1 0 52 fbf17f7f
10 1 0 53 38f60cdb
10 0 0 0 11ba00270
10 0 0 1 91e018e5
10 0 0 2 1a1c05a58
10 0 0 3 1624ffbae
10 0 0 4 c300250c
10 0 0 5 18bcffc06
10 0 0 6 6c0200188
10 0 0 7 d0001f14
10 0 0 8 a6bfee50
10 0 0 9 15c7001b6
10 0 0 10 2138ff2ba
10 0 0 11 169a00065
10 0 0 12 71602bda
10 0 0 13 d0e0269f
10 0 0 14 231a00269
10 0 0 15 2124001d4
10 0 0 16 eca04574
10 0 0 17 1b9900534
10 0 0 18 8b2027d6
10 0 0 19 b1501e77
10 0 0 20 21ddfdfcb
10 0 0 21 c2dff7ae
10 0 0 22 1b4c03c99
10 0 0 23 1a85ff2d0
10 0 0 24 11ba00270
10 0 0 25 91e018e5
10 0 0 26 1a1c05a58
10 0 0 27 1624ffbae
10 0 0 28 c300250c
10 0 0 29 18bcffc06
10 0 0 30 6c0200188
10 0 0 31 d0001f14
10 0 0 32 a6bfee50
10 0 0 33 15c7001b6
10 0 0 34 2138ff2ba
10 0 0 35 169a00065
10 0 0 36 71602bda
10 0 0 37 d0e0269f
10 0 0 38 231a00269
10 0 0 39 2124001d4
10 0 0 40 eca04574
10 0 0 41 1b9900534
10 0 0 42 8b2027d6
10 0 0 43 b1501e77
10 0 0 44 21ddfdfcb
10 0 0 45 c2dff7ae
10 0 0 46 1b4c03c99
10 0 0 47 1a85ff2d0
10 0 0 48 139800219
10 0 0 49 d1300338
10 0 0 50 152d03cd7
10 0 0 51 163fffb8d
10 0 0 52 c8e02acc
10 0 0 53 1f4fff923
10 0 0 54 6c860020a
10 0 0 55 6c2018bf
10 0 0 56 491fec9a
10 0 0 57 fcaffcf6
10 0 0 58 22e2ff86e
10 0 0 59 1bbd00070
10 0 0 60 44a01f98
10 0 0 61 85902694
10 0 0 62 2903ffc4b
10 0 0 63 4e4a006db
10 0 0 64 19b506f41
10 0 0 65 1a0200507
10 0 0 66 9c701c16
10 0 0 67 e660227a
10 0 0 68 1deafee38
10 0 0 69 af2fff2a
10 0 0 70 1dfc03e05
10 0 0 71 164eff77c
10 0 0 72 139800219
10 0 0 73 d1300338
10 0 0 74 152d03cd7
10 0 0 75 163fffb8d
10 0 0 76 c8e02acc
10 0 0 77 1f4fff923
10 0 0 78 6c860020a
10 0 0 79 6c2018bf
10 0 0 80 491fec9a
10 0 0 81 fcaffcf6
10 0 0 82 22e2ff86e
10 0 0 83 1bbd00070
10 0 0 84 44a01f98
10 0 0 85 85902694
10 0 0 86 2903ffc4b
10 0 0 87 4e4a006db
10 0 0 88 19b506f41
10 0 0 89 1a0200507
10 0 0 90 9c701c16
10 0 0 91 e660227a
10 0 0 92 1deafee38
10 0 0 93 af2fff2a
10 0 0 94 1dfc03e05
10 0 0 95 164eff77c
10 0 0 96 fb30014c
10 0 0 97 cab011db
10 0 0 98 1a9e050e0
10 0 0 99 1438ffccc
10 0 0 100 f8f02569
10 0 0 101 187a00787
10 0 0 102 3027000d6
10 0 0 103 9530249e
10 0 0 104 1407fe5a2
10 0 0 105 13de00207
10 0 0 106 1d31ffc40
10 0 0 107 f09fff84
10 0 0 108 6ed02197
10 0 0 109 11a702d09
10 0 0 110 2fb2fffd8
10 0 0 111 20b60016e
10 0 0 112 8380310b
10 0 0 113 faf00428
10 0 0 114 9ff029b6
10 0 0 115 9b2ffa7c
10 0 0 116 1976ff4ae
10 0 0 117 cb6fef23
10 0 0 118 1fa804550
10 0 0 119 16e9ff917
10 0 0 120 fb30014c
10 0 0 121 cab011db
10 0 0 122 1a9e050e0
10 0 0 123 1438ffccc
10 0 0 124 f8f02569
10 0 0 125 187a00787
10 0 0 126 3027000d6
10 0 0 127 9530249e
10 0 0 128 1407fe5a2
10 0 0 129 13de00207
10 0 0 130 1d31ffc40
10 0 0 131 f09fff84
10 0 0 132 6ed02197
10 0 0 133 11a702d09
10 0 0 134 2fb2fffd8
10 0 0 135 20b60016e
10 0 0 136 8380310b
10 0 0 137 faf00428
10 0 0 138 9ff029b6
10 0 0 139 9b2ffa7c
10 0 0 140 1976ff4ae
10 0 0 141 cb6fef23
10 0 0 142 1fa804550
10 0 0 143 16e9ff917
10 0 0 144 142a00355
10 0 0 145 b9700256
10 0 0 146 1d4704c8b
10 0 0 147 1bf2ffdd8
10 0 0 148 dc102b7a
10 0 0 149 1a65ffa21
10 0 0 150 4e30000b1
10 0 0 151 94b025e6
10 0 0 152 debff113
10 0 0 153 1139ffaa9
10 0 0 154 2029ffad5
10 0 0 155 19bbffec9
10 0 0 156 6d102afc
10 0 0 157 c7b02bc1
10 0 0 158 2739fff0f
10 0 0 159 1871002d6
10 0 0 160 10cf04c79
10 0 0 161 e2a003f7
10 0 0 162 b3202ab6
10 0 0 163 d8b031ba
10 0 0 164 15bbff44e
10 0 0 165 aa6fe509
10 0 0 166 242a03eff
10 0 0 167 171bff966
10 0 0 168 142a00355
10 0 0 169 b9700256
10 0 0 170 1d4704c8b
10 0 0 171 1bf2ffdd8
10 0 0 172 dc102b7a
10 0 0 173 1a65ffa21
10 0 0 174 4e30000b1
10 0 0 175 94b025e6
10 0 0 176 debff113
10 0 0 177 1139ffaa9
10 0 0 178 2029ffad5
10 0 0 179 19bbffec9
10 0 0 180 6d102afc
10 0 0 181 c7b02bc1
10 0 0 182 2739fff0f
10 0 0 183 1871002d6
10 0 0 184 10cf04c79
10 0 0 185 e2a003f7
10 0 0 186 b3202ab6
10 0 0 187 d8b031ba
10 0 0 188 15bbff44e
10 0 0 189 aa6fe509
10 0 0 190 242a03eff
10 0 0 191 171bff966
11 1 0 0 814bfe03
11 1 1 0 81f800e8
11 1 0 1 810503f9
11 1 1 1 81c702f8
11 1 0 2 8116f510
11 1 1 2 bc1adbf3
11 1 0 3 8116f509
11 1 1 3 81070202
11 1 0 4 81cdfbfe
11 1 1 4 811ef106
11 1 0 5 40c01ff
11 1 1 5 fb0200ff
11 1 0 6 81fb30f9
11 1 1 6 8115f935
11 1 0 7 ab07fe
11 1 1 7 e2cd20e1
11 1 0 8 efe0400
11 1 1 8 f0f3f812
11 1 0 9 fefff9f7
11 1 1 9 f5fff8f8
11 1 0 10 1eff000f
11 1 1 10 fef21451
11 1 0 11 edf91602
11 1 1 11 e7fd0808
11 1 0 12 f7fffdf8
11 1 1 12 f7e8f059
11 1 0 13 f681f91c
11 1 1 13 fafe0203
11 1 0 14 2fffa05
11 1 1 14 ef063210
11 1 0 15 e9fef7fb
11 1 1 15 abfbed33
11 1 0 16 fbfbfbf9
11 1 1 16 effd02fb
11 1 0 17 5fffffb
11 1 1 17 8fd01fb
11 1 0 18 eb07f708
11 1 1 18 d37f00e3
11 1 0 19 eefffcf8
11 1 1 19 3fd2ff9
11 1 0 20 1060bf9
11 1 1 20 e308fded
11 1 0 21 f6fb05f7
11 1 1 21 fdfc01fd
11 1 0 22 f9fb02fa
11 1 1 22 e30511f6
11 1 0 23 f8f9f981
11 1 1 23 4fbb05fa
11 1 0 24 fc056a43
11 1 1 24 1fdf918
11 1 0 25 fd0005c2
11 1 1 25 fffec5f1
11 1 0 26 df8e90b
11 1 1 26 f39f0dbe
11 1 0 27 11f1fbfa
11 1 1 27 1603081e
11 1 0 28 8f63f17
11 1 1 28 1f6f5ee
11 1 0 29 602fafc
11 1 1 29 f4fefd01
11 1 0 30 f9310302
11 1 1 30 8fdfe02
11 1 0 31 fe0bc7
11 1 1 31 e01f003b
11 1 0 32 7fd00f4
11 1 1 32 700ff1d
11 1 0 33 2a0204
11 1 1 33 f8010c
11 1 0 34 6f60107
11 1 1 34 24f3d7d8
11 1 0 35 2d00fddf
11 1 1 35 b04f903
11 1 0 36 3cbfffc
11 1 1 36 fefade08
11 1 0 37 f6fed5f6
11 1 1 37 90181fd
11 1 0 38 302030b
11 1 1 38 7ff02fe
11 1 0 39 f3f30837
11 1 1 39 d803fe7f
11 1 0 40 fa3ffdf9
11 1 1 40 fb05ed21
11 1 0 41 ff15fbff
11 1 1 41 1d7f600
11 1 0 42 f3f7e413
11 1 1 42 bccb0533
11 1 0 43 e2f616fe
11 1 1 43 24e9dffe
11 1 0 44 fc0ff007
11 1 1 44 e6febb01
11 1 0 45 fefbf90c
11 1 1 45 fffe0a00
11 1 0 46 f3fb
11 1 1 46 fff4caef
11 1 0 47 f5f80ff2
11 1 1 47 47025c04
11 0 0 0 4578ef7d7
11 0 0 1 81fbfc0bc
11 0 0 2 400501732
11 0 0 3 601e0e5cb
11 0 0 4 54810021b
11 0 0 5 1783033aa
11 0 0 6 6d70017e1
11 0 0 7 6836fcdf7
11 0 0 8 327a0573b
11 0 0 9 4503014b8
11 0 0 10 77e002289
11 0 0 11 74d500b7e
11 0 0 12 5bacfb2f5
11 0 0 13 51e800c35
11 0 0 14 1cb704c06
11 0 0 15 2057fcfa8
11 0 0 16 4578ef7d7
11 0 0 17 81fbfc0bc
11 0 0 18 400501732
11 0 0 19 601e0e5cb
11 0 0 20 54810021b
11 0 0 21 1783033aa
11 0 0 22 6d70017e1
11 0 0 23 6836fcdf7
11 0 0 24 327a0573b
11 0 0 25 4503014b8
11 0 0 26 77e002289
11 0 0 27 74d500b7e
11 0 0 28 5bacfb2f5
11 0 0 29 51e800c35
11 0 0 30 1cb704c06
11 0 0 31 2057fcfa8
11 0 0 32 35f3f6441
11 0 0 33 7573fe01d
11 0 0 34 4f8c00707
11 0 0 35 5e450c560
11 0 0 36 698b00cc7
11 0 0 37 1419010b4
11 0 0 38 71db00868
11 0 0 39 70ccffa9a
11 0 0 40 41de032bd
11 0 0 41 683bfef7a
11 0 0 42 621001981
11 0 0 43 bb7500c82
11 0 0 44 8e2ffc07e
11 0 0 45 5d5500081
11 0 0 46 26b606348
11 0 0 47 17c6fe980
11 0 0 48 35f3f6441
11 0 0 49 7573fe01d
11 0 0 50 4f8c00707
11 0 0 51 5e450c560
11 0 0 52 698b00cc7
11 0 0 53 1419010b4
11 0 0 54 71db00868
11 0 0 55 70ccffa9a
11 0 0 56 41de032bd
11 0 0 57 683bfef7a
11 0 0 58 621001981
11 0 0 59 bb7500c82
11 0 0 60 8e2ffc07e
11 0 0 61 5d5500081
11 0 0 62 26b606348
11 0 0 63 17c6fe980
11 0 0 64 4273ef955
11 0 0 65 5f10fe66f
11 0 0 66 456b007d7
11 0 0 67 5f05100b2
11 0 0 68 391fffe13
11 0 0 69 1e7c0309f
11 0 0 70 5192016c3
11 0 0 71 4c04ff301
11 0 0 72 2c3204563
11 0 0 73 1f30fea37
11 0 0 74 51b7009a1
11 0 0 75 79e1010d9
11 0 0 76 4561fcfe1
11 0 0 77 412cff7d9
11 0 0 78 1cab0401a
11 0 0 79 1abbfe9ab
11 0 0 80 4273ef955
11 0 0 81 5f10fe66f
11 0 0 82 456b007d7
11 0 0 83 5f05100b2
11 0 0 84 391fffe13
11 0 0 85 1e7c0309f
11 0 0 86 5192016c3
11 0 0 87 4c04ff301
11 0 0 88 2c3204563
11 0 0 89 1f30fea37
11 0 0 90 51b7009a1
11 0 0 91 79e1010d9
11 0 0 92 4561fcfe1
11 0 0 93 412cff7d9
11 0 0 94 1cab0401a
11 0 0 95 1abbfe9ab
11 0 0 96 2690f607b
11 0 0 97 53d4fe6e8
11 0 0 98 1fc50139a
11 0 0 99 2fe207cb7
11 0 0 100 40a100f56
11 0 0 101 9c000af5
11 0 0 102 3bfc014b6
11 0 0 103 4521ffd68
11 0 0 104 2c3c02f56
11 0 0 105 1aab00212
11 0 0 106 550c018a4
11 0 0 107 411b004fc
11 0 0 108 2e80fe8db
11 0 0 109 2d4700709
11 0 0 110 206204283
11 0 0 111 135bfe3e0
11 0 0 112 2690f607b
11 0 0 113 53d4fe6e8
11 0 0 114 1fc50139a
11 0 0 115 2fe207cb7
11 0 0 116 40a100f56
11 0 0 117 9c000af5
11 0 0 118 3bfc014b6
11 0 0 119 4521ffd68
11 0 0 120 2c3c02f56
11 0 0 121 1aab00212
11 0 0 122 550c018a4
11 0 0 123 411b004fc
11 0 0 124 2e80fe8db
11 0 0 125 2d4700709
11 0 0 126 206204283
11 0 0 127 135bfe3e0
12 1 0 0 23330d
12 1 1 0 fa23ee08
12 1 2 0 e4fb2414
12 1 3 0 ec0ff721
12 1 4 0 fd0a4df6
12 1 5 0 f306d408
12 1 0 1 c132100
12 1 1 1 90bdff6
12 1 2 1 20f93bec
12 1 3 1 1fe60eee
12 1 4 1 13efe3fa
12 1 5 1 26d90ef1
12 1 0 2 fc59f6f3
12 1 1 2 b040618
12 1 2 2 1010e101
12 1 3 2 40411fc
12 1 4 2 404315e5
12 1 5 2 101f7ff2
12 1 0 3 1a13eef1
12 1 1 3 40520fb
12 1 2 3 2601dcf2
12 1 3 3 80514f7
12 1 4 3 4ec160d
12 1 5 3 e16f420
12 1 0 4 fb1213fc
12 1 1 4 f4152503
12 1 2 4 fd0ff511
12 1 3 4 fc1bfd12
12 1 4 4 fffff302
12 1 5 4 1a27f5fd
12 1 0 5 fc0c0df9
12 1 1 5 1b1fdfeb
12 1 2 5 22ea10eb
12 1 3 5 1ee9dff1
12 1 4 5 1cf300fc
12 1 5 5 1fe60de5
12 1 0 6 d91ec71d
12 1 1 6 f51ed615
12 1 2 6 f3192201
12 1 3 6 f4e3e5f7
12 1 4 6 3151aee0
12 1 5 6 1b1fe2e2
12 1 0 7 2041ffe8
12 1 1 7 d27e7fa
12 1 2 7 3ef2f902
12 1 3 7 fefce30b
12 1 4 7 13062bf8
12 1 5 7 fbf4e104
12 1 0 8 e32e0b42
12 1 1 8 c7384622
12 1 2 8 eb350602
12 1 3 8 e8454f04
12 1 4 8 123430e9
12 1 5 8 383d34ba
12 1 0 9 283849cf
12 1 1 9 2a4b7fdf
12 1 2 9 6c97ea97
12 1 3 9 3ed921f2
12 1 4 9 1be2ebea
12 1 5 9 50d951b3
12 1 0 10 d42c0b27
12 1 1 10 f242d423
12 1 2 10 f718fff6
12 1 3 10 f72c15f0
12 1 4 10 29340dd7
12 1 5 10 2951ebc4
12 1 0 11 1532f3f5
12 1 1 11 1e39f2f5
12 1 2 11 2df3000c
12 1 3 11 29ec00e0
12 1 4 11 efb27f8
12 1 5 11 16d80dea
12 1 0 12 ee1d0306
12 1 1 12 ed02f3f9
12 1 2 12 eb24e926
12 1 3 12 f725ed0f
12 1 4 12 b11ede6
12 1 5 12 80b1e19
12 1 0 13 1421e0e4
12 1 1 13 ff15cffe
12 1 2 13 20ebf7e8
12 1 3 13 15fbeef2
12 1 4 13 1bf6f3ee
12 1 5 13 2d03c8de
12 1 0 14 e6130f1c
12 1 1 14 ea0e0905
12 1 2 14 e7471127
12 1 3 14 d70ff537
12 1 4 14 2737f5f0
12 1 5 14 1533c7f0
12 1 0 15 2d3cf3d8
12 1 1 15 2931e2d4
12 1 2 15 8db0218
12 1 3 15 1df21afa
12 1 4 15 2bebf9de
12 1 5 15 37b81704
12 1 0 16 202e2ef
12 1 1 16 f81feff6
12 1 2 16 ec140d0c
12 1 3 16 ed3aec1e
12 1 4 16 fe140306
12 1 5 16 18170bfa
12 1 0 17 d1dfdf9
12 1 1 17 161b0ced
12 1 2 17 17fa10ec
12 1 3 17 8f708f8
12 1 4 17 18f3e5f4
12 1 5 17 3ff3d2ea
12 1 0 18 12eef0d3
12 1 1 18 115f61a
12 1 2 18 c1d16fa
12 1 3 18 10f91401
12 1 4 18 fd0e02af
12 1 5 18 fa110408
12 1 0 19 f105000a
12 1 1 19 1fdff18
12 1 2 19 1f3bffd8
12 1 3 19 7f907f2
12 1 4 19 9effb17
12 1 5 19 f711f3fd
12 1 0 20 2211cf52
12 1 1 20 cead7ed
12 1 2 20 7e5fe23
12 1 3 20 a25eefe
12 1 4 20 ce01d08
12 1 5 20 2d3910d3
12 1 0 21 4f6f5f5
12 1 1 21 e070ff5
12 1 2 21 23b22f25
12 1 3 21 15f80d00
12 1 4 21 f6230b16
12 1 5 21 db0af2
12 1 0 22 e1e613eb
12 1 1 22 dced090e
12 1 2 22 aff0ef0
12 1 3 22 ebf22703
12 1 4 22 f2fdf2f1
12 1 5 22 d2bbff07
12 1 0 23 e80afc0d
12 1 1 23 aede10f
12 1 2 23 319ed00
12 1 3 23 efdffc0b
12 1 4 23 e8edfaec
12 1 5 23 a0ef415
12 1 0 24 3ebd1da
12 1 1 24 e9001be4
12 1 2 24 f5ff0bc2
12 1 3 24 e31bf109
12 1 4 24 35f6fb06
12 1 5 24 f31af6
12 1 0 25 143ed398
12 1 1 25 fffdeddd
12 1 2 25 e7dc2fd4
12 1 3 25 f316fe15
12 1 4 25 ee04f2d5
12 1 5 25 ade0bd3
12 1 0 26 be3336c2
12 1 1 26 3cebecb0
12 1 2 26 f0d324ce
12 1 3 26 44e22881
12 1 4 26 e905ecef
12 1 5 26 2396f3af
12 1 0 27 da8df615
12 1 1 27 6303d5d9
12 1 2 27 115dfd6
12 1 3 27 5f707bc
12 1 4 27 faf8d8fc
12 1 5 27 28d8b6cb
12 1 0 28 427def4
12 1 1 28 d3ef05f3
12 1 2 28 f4e51e
12 1 3 28 f1d8e107
12 1 4 28 e52105fc
12 1 5 28 e729fc22
12 1 0 29 ee0dfbf4
12 1 1 29 b8fa1403
12 1 2 29 d2f4f5f6
12 1 3 29 e710f701
12 1 4 29 f0f409f1
12 1 5 29 be210ef2
12 1 0 30 f4124be5
12 1 1 30 efe19fe
12 1 2 30 fdcb1b05
12 1 3 30 5f429fb
12 1 4 30 f0de2cf0
12 1 5 30 bef0bfc
12 1 0 31 1dbf59f0
12 1 1 31 c063108
12 1 2 31 13da1d
12 1 3 31 feddfdfc
12 1 4 31 4ec2d06
12 1 5 31 f50dea16
12 1 0 32 12de0fd7
12 1 1 32 ffe82c0b
12 1 2 32 e326d8f8
12 1 3 32 f9efaaff
12 1 4 32 fc4efede
12 1 5 32 f702130e
12 1 0 33 f71a2ada
12 1 1 33 e8f149d9
12 1 2 33 e8050301
12 1 3 33 4ef0508
12 1 4 33 100222d8
12 1 5 33 15f87fe2
12 1 0 34 5f5172b
12 1 1 34 f0d10fa
12 1 2 34 e51b02ea
12 1 3 34 eb4c10e9
12 1 4 34 fb03fc09
12 1 5 34 fc2e08d0
12 1 0 35 308f6fb
12 1 1 35 ff2ef6fd
12 1 2 35 717e9ec
12 1 3 35 e30bf2fc
12 1 4 35 60b0414
12 1 5 35 ee1ff309
12 1 0 36 e642d213
12 1 1 36 d311db0b
12 1 2 36 d210f1fb
12 1 3 36 c424fe13
12 1 4 36 7f10605
12 1 5 36 e004f4f7
12 1 0 37 11ee1901
12 1 1 37 2ef30ef7
12 1 2 37 670e0400
12 1 3 37 50f1e8f3
12 1 4 37 2405ff06
12 1 5 37 1a06030c
12 1 0 38 20c0ef52
12 1 1 38 7ff60910
12 1 2 38 4c102218
12 1 3 38 51e20f06
12 1 4 38 ba17d231
12 1 5 38 f9eb4717
12 1 0 39 e30cf22c
12 1 1 39 e60ed31c
12 1 2 39 813bd240
12 1 3 39 cb28f719
12 1 4 39 eb000c0b
12 1 5 39 11f60318
12 1 0 40 fb14ebf4
12 1 1 40 cefcf925
12 1 2 40 fffaf6eb
12 1 3 40 811060c
12 1 4 40 e9fb25f8
12 1 5 40 370ef810
12 1 0 41 2006fd20
12 1 1 41 e2090e1b
12 1 2 41 60aa0808
12 1 3 41 3acb1f09
12 1 4 41 ecf9fef6
12 1 5 41 feef0b
12 1 0 42 edac447b
12 1 1 42 f6041222
12 1 2 42 7ef0de2a
12 1 3 42 55ca07f9
12 1 4 42 c40c0226
12 1 5 42 50c2b
12 1 0 43 dd16cd0f
12 1 1 43 c11fd09
12 1 2 43 c51f1934
12 1 3 43 f6020415
12 1 4 43 ac01d61d
12 1 5 43 b7fb0deb
12 1 0 44 d0761244
12 1 1 44 bd10f749
12 1 2 44 812d1539
12 1 3 44 aa4adb4f
12 1 4 44 3006f308
12 1 5 44 4a0d9225
12 1 0 45 5ff32cef
12 1 1 45 cf17f61c
12 1 2 45 20ef242f
12 1 3 45 7feaf31f
12 1 4 45 7f062300
12 1 5 45 ec0af23f
12 1 0 46 7fe4e658
12 1 1 46 372b1e6b
12 1 2 46 ead3192e
12 1 3 46 d0c5e922
12 1 4 46 c515d92e
12 1 5 46 cf0d1a2d
12 1 0 47 1112141b
12 1 1 47 4d16c82e
12 1 2 47 b81ee737
12 1 3 47 91220338
12 1 4 47 ee16e828
12 1 5 47 5818fe18
12 1 0 48 dd1a031e
12 1 1 48 2bf3f304
12 1 2 48 caf0e957
12 1 3 48 dc17170e
12 1 4 48 9e31e09
12 1 5 48 fe04fcf3
12 1 0 49 3d10ff20
12 1 1 49 7f51120
12 1 2 49 16cde328
12 1 3 49 6f70801
12 1 4 49 4ee51614
12 1 5 49 27ea1c3a
12 1 0 50 33d2fd22
12 1 1 50 11fe0131
12 1 2 50 6205e963
12 1 3 50 3bb6184b
12 1 4 50 e61d1129
12 1 5 50 f9021c2a
12 1 0 51 b519d93e
12 1 1 51 806190b
12 1 2 51 132c0f
12 1 3 51 fe09ee26
12 1 4 51 9113df32
12 1 5 51 ceebfe08
12 1 0 52 971b1d0a
12 1 1 52 cffbf21f
12 1 2 52 f71ce419
12 1 3 52 9e61eb4d
12 1 4 52 70ffd0d
12 1 5 52 30def24
12 1 0 53 efec1d17
12 1 1 53 12f4132a
12 1 2 53 65eff516
12 1 3 53 4015fc11
12 1 4 53 ee0c110b
12 1 5 53 261df534
12 1 0 54 f03a1bf4
12 1 1 54 60d00fe
12 1 2 54 fb0ef7ff
12 1 3 54 11d9f710
12 1 4 54 901fe05
12 1 5 54 f510fd08
12 1 0 55 e2f90200
12 1 1 55 e31e00ff
12 1 2 55 2b09fcfb
12 1 3 55 12000cfe
12 1 4 55 fc080c0a
12 1 5 55 1af906fc
12 1 0 56 2f27c611
12 1 1 56 b2711ef
12 1 2 56 f91ff5f4
12 1 3 56 fe18eddd
12 1 4 56 148c3f3
12 1 5 56 f4371cfe
12 1 0 57 e10a0416
12 1 1 57 efff609
12 1 2 57 1638d5f5
12 1 3 57 f122f805
12 1 4 57 fdf3f4eb
12 1 5 57 dd081a00
12 1 0 58 ef2421f2
12 1 1 58 f22d100c
12 1 2 58 16d903ff
12 1 3 58 ec040611
12 1 4 58 f322190c
12 1 5 58 11282b00
12 1 0 59 fc100bf8
12 1 1 59 e314edfe
12 1 2 59 d102fa0c
12 1 3 59 1a071bfb
12 1 4 59 fb040d10
12 1 5 59 fa04e5fe
12 1 0 60 fb46f31b
12 1 1 60 1fc05fd
12 1 2 60 8382afc
12 1 3 60 fa12120b
12 1 4 60 f9512924
12 1 5 60 f91f05f3
12 1 0 61 2d3720ff
12 1 1 61 1bfc0602
12 1 2 61 fa4e3306
12 1 3 61 f20efd0b
12 1 4 61 f8150600
12 1 5 61 e21af8f1
12 1 0 62 5629f61a
12 1 1 62 4732dd23
12 1 2 62 4a37e71d
12 1 3 62 2e3f0f0a
12 1 4 62 7f3ede08
12 1 5 62 7a3b0b1f
12 1 0 63 7f5ee9e8
12 1 1 63 4a5af8f2
12 1 2 63 392bda17
12 1 3 63 16220b07
12 1 4 63 252af60f
12 1 5 63 3a3bdc2c
12 1 0 64 1408190e
12 1 1 64 132c2901
12 1 2 64 fb201d00
12 1 3 64 16401106
12 1 4 64 e1261b00
12 1 5 64 fa431e0e
12 1 0 65 f1173a17
12 1 1 65 222a3a0d
12 1 2 65 a062f10
12 1 3 65 b1c0c19
12 1 4 65 30304f9
12 1 5 65 282d3bf3
12 1 0 66 100725e5
12 1 1 66 1a09f3f8
12 1 2 66 f6210001
12 1 3 66 2004f7f8
12 1 4 66 9f6efd8
12 1 5 66 fd151308
12 1 0 67 f927f216
12 1 1 67 e33a0003
12 1 2 67 f20710fd
12 1 3 67 7f1f0ee
12 1 4 67 1a110cf9
12 1 5 67 1cf3101c
12 1 0 68 fe3edab9
12 1 1 68 e6221bdd
12 1 2 68 2719d10d
12 1 3 68 ec3f1b08
12 1 4 68 e62323af
12 1 5 68 fa14deb6
12 1 0 69 1a36de2b
12 1 1 69 12092026
12 1 2 69 11decc0
12 1 3 69 fe17fcf1
12 1 4 69 122eb18
12 1 5 69 e14902f2
12 1 0 70 f4020ffb
12 1 1 70 e14e6df
12 1 2 70 f41c1bf9
12 1 3 70 3281205
12 1 4 70 61f0604
12 1 5 70 d03cd
12 1 0 71 e135fff1
12 1 1 71 fb3d0d09
12 1 2 71 f910f8fb
12 1 3 71 70a04e6
12 1 4 71 f604fff2
12 1 5 71 b181502
12 0 0 0 61eb01f61
12 0 0 1 7c9302105
12 0 0 2 80c201fde
12 0 0 3 81da028ab
12 0 0 4 59c50275b
12 0 0 5 5d2002670
12 0 0 6 59b3028dc
12 0 0 7 654001f42
12 0 0 8 6b1102603
12 0 0 9 b7a20273c
12 0 0 10 d3490284f
12 0 0 11 7bd802c5d
12 0 0 12 61eb01f61
12 0 0 13 7c9302105
12 0 0 14 80c201fde
12 0 0 15 81da028ab
12 0 0 16 59c50275b
12 0 0 17 5d2002670
12 0 0 18 59b3028dc
12 0 0 19 654001f42
12 0 0 20 6b1102603
12 0 0 21 b7a20273c
12 0 0 22 d3490284f
12 0 0 23 7bd802c5d
12 0 0 24 61eb01f61
12 0 0 25 7c9302105
12 0 0 26 80c201fde
12 0 0 27 81da028ab
12 0 0 28 59c50275b
12 0 0 29 5d2002670
12 0 0 30 59b3028dc
12 0 0 31 654001f42
12 0 0 32 6b1102603
12 0 0 33 b7a20273c
12 0 0 34 d3490284f
12 0 0 35 7bd802c5d
12 0 0 36 61eb01f61
12 0 0 37 7c9302105
12 0 0 38 80c201fde
12 0 0 39 81da028ab
12 0 0 40 59c50275b
12 0 0 41 5d2002670
12 0 0 42 59b3028dc
12 0 0 43 654001f42
12 0 0 44 6b1102603
12 0 0 45 b7a20273c
12 0 0 46 d3490284f
12 0 0 47 7bd802c5d
12 0 0 48 61eb01f61
12 0 0 49 7c9302105
12 0 0 50 80c201fde
12 0 0 51 81da028ab
12 0 0 52 59c50275b
12 0 0 53 5d2002670
12 0 0 54 59b3028dc
12 0 0 55 654001f42
12 0 0 56 6b1102603
12 0 0 57 b7a20273c
12 0 0 58 d3490284f
12 0 0 59 7bd802c5d
12 0 0 60 61eb01f61
12 0 0 61 7c9302105
12 0 0 62 80c201fde
12 0 0 63 81da028ab
12 0 0 64 59c50275b
12 0 0 65 5d2002670
12 0 0 66 59b3028dc
12 0 0 67 654001f42
12 0 0 68 6b1102603
12 0 0 69 b7a20273c
12 0 0 70 d3490284f
12 0 0 71 7bd802c5d
12 0 0 72 61eb01f61
12 0 0 73 7c9302105
12 0 0 74 80c201fde
12 0 0 75 81da028ab
12 0 0 76 59c50275b
12 0 0 77 5d2002670
12 0 0 78 59b3028dc
12 0 0 79 654001f42
12 0 0 80 6b1102603
12 0 0 81 b7a20273c
12 0 0 82 d3490284f
12 0 0 83 7bd802c5d
12 0 0 84 61eb01f61
12 0 0 85 7c9302105
12 0 0 86 80c201fde
12 0 0 87 81da028ab
12 0 0 88 59c50275b
12 0 0 89 5d2002670
12 0 0 90 59b3028dc
12 0 0 91 654001f42
12 0 0 92 6b1102603
12 0 0 93 b7a20273c
12 0 0 94 d3490284f
12 0 0 95 7bd802c5d
