0 1 0 0 16ffd7ee
0 1 1 0 7180301
0 1 2 0 1412f205
0 1 0 1 331319ce
0 1 1 1 1b1c1a39
0 1 2 1 fdf11112
0 1 0 2 fee23c00
0 1 1 2 df4af8f8
0 1 2 2 e5aeb7e5
0 1 0 3 b5f9a5cb
0 1 1 3 3408ecdc
0 1 2 3 d7d4f816
0 1 0 4 fddbebde
0 1 1 4 fa0efbf6
0 1 2 4 99a79b0b
0 1 0 5 e5061bd6
0 1 1 5 6532e3c1
0 1 2 5 2321c51f
0 1 0 6 fed633ec
0 1 1 6 df3f0a1c
0 1 2 6 b69fc1eb
0 1 0 7 1bdeb8e8
0 1 1 7 b3bb0033
0 1 2 7 93e2fbd
0 1 0 8 434011c
0 1 1 8 2012f6df
0 1 2 8 e1f2f10c
0 1 0 9 ac102fc4
0 1 1 9 f409e8bd
0 1 2 9 d7e72d01
0 1 0 10 6e424ed
0 1 1 10 e23a0c1a
0 1 2 10 1b0f08e5
0 1 0 11 2d1e4844
0 1 1 11 29371a01
0 1 2 11 27381b1b
0 1 0 12 f3f403ed
0 1 1 12 1d0b05fa
0 1 2 12 8e8191f6
0 1 0 13 e282b9d
0 1 1 13 cdcd043f
0 1 2 13 4332a5d2
0 1 0 14 10d346ea
0 1 1 14 ea4f010f
0 1 2 14 f1f2e8d1
0 1 0 15 f3d18182
0 1 1 15 2b3feedf
0 1 2 15 c442f34
0 1 0 16 a9cfa2b4
0 1 1 16 7f4be381
0 1 2 16 8202033
0 1 0 17 65323281
0 1 1 17 434e4770
0 1 2 17 7d16a345
0 1 0 18 3eb17fe6
0 1 1 18 b97f157f
0 1 2 18 617f56e5
0 1 0 19 7f19483b
0 1 1 19 81973822
0 1 2 19 757f569a
0 1 0 20 cebea98d
0 1 1 20 495fe9a2
0 1 2 20 6f0b481a
0 1 0 21 b2133c99
0 1 1 21 5348b481
0 1 2 21 74219a3f
0 1 0 22 22c55af2
0 1 1 22 be741465
0 1 2 22 1b3b4be3
0 1 0 23 2b2c642a
0 1 1 23 3b33fedc
0 1 2 23 cfb4e044
0 1 0 24 fc394456
0 1 1 24 2f30f7eb
0 1 2 24 26594119
0 1 0 25 df0e24b5
0 1 1 25 aab8d7d3
0 1 2 25 4b26c9e0
0 1 0 26 adc1600
0 1 1 26 da560911
0 1 2 26 2ded5e8
0 1 0 27 1dbbadf7
0 1 1 27 21111c17
0 1 2 27 140e0007
0 1 0 28 c92a7f5a
0 1 1 28 6650e29d
0 1 2 28 7b38713a
0 1 0 29 3b1b4291
0 1 1 29 81a24259
0 1 2 29 7f218eb0
0 1 0 30 2fdb46ec
0 1 1 30 da5d086d
0 1 2 30 afe0ddd9
0 1 0 31 40576c20
0 1 1 31 9fb112ea
0 1 2 31 c6a5c2ed
0 1 0 32 d40f2939
0 1 1 32 394cf3be
0 1 2 32 d315d817
0 1 0 33 fd212bab
0 1 1 33 fdeb05ec
0 1 2 33 4f26aeea
0 1 0 34 2dd249f3
0 1 1 34 ce4f093c
0 1 2 34 20503eeb
0 1 0 35 3e21809
0 1 1 35 4b380cc3
0 1 2 35 d08b960d
0 0 0 0 3e28ffd79
0 0 0 1 185d03674
0 0 0 2 6f2fdfed
0 0 0 3 3960001d5
0 0 0 4 2629011e9
0 0 0 5 47b9ffefb
0 0 0 6 411a00010
0 0 0 7 1267028fe
0 0 0 8 21fc02d0d
0 0 0 9 1686fd134
0 0 0 10 2eaafea74
0 0 0 11 1ecf0317c
0 0 0 12 3ef30026f
0 0 0 13 a9afeb6e
0 0 0 14 38d400129
0 0 0 15 504f00154
0 0 0 16 3e28ffd79
0 0 0 17 185d03674
0 0 0 18 6f2fdfed
0 0 0 19 3960001d5
0 0 0 20 2629011e9
0 0 0 21 47b9ffefb
0 0 0 22 411a00010
0 0 0 23 1267028fe
0 0 0 24 21fc02d0d
0 0 0 25 1686fd134
0 0 0 26 2eaafea74
0 0 0 27 1ecf0317c
0 0 0 28 3ef30026f
0 0 0 29 a9afeb6e
0 0 0 30 38d400129
0 0 0 31 504f00154
0 0 0 32 4fed004f1
0 0 0 33 132d02c7d
0 0 0 34 d9ffd651
0 0 0 35 4f8b002c0
0 0 0 36 292301c2b
0 0 0 37 557d000cf
0 0 0 38 5845001e4
0 0 0 39 e7c0316d
0 0 0 40 203802580
0 0 0 41 34eff8bf
0 0 0 42 23cdfe73c
0 0 0 43 359f0460e
0 0 0 44 479c002df
0 0 0 45 14edfecdd
0 0 0 46 510800184
0 0 0 47 5ec80016f
0 0 0 48 4fed004f1
0 0 0 49 132d02c7d
0 0 0 50 d9ffd651
0 0 0 51 4f8b002c0
0 0 0 52 292301c2b
0 0 0 53 557d000cf
0 0 0 54 5845001e4
0 0 0 55 e7c0316d
0 0 0 56 203802580
0 0 0 57 34eff8bf
0 0 0 58 23cdfe73c
0 0 0 59 359f0460e
0 0 0 60 479c002df
0 0 0 61 14edfecdd
0 0 0 62 510800184
0 0 0 63 5ec80016f
0 0 0 64 447d00356
0 0 0 65 189203c15
0 0 0 66 477fe6e7
0 0 0 67 2d52001b0
0 0 0 68 2cc802673
0 0 0 69 3e330024f
0 0 0 70 43ee00211
0 0 0 71 100504006
0 0 0 72 211602820
0 0 0 73 180ffc73b
0 0 0 74 2d2efda4b
0 0 0 75 259302d7c
0 0 0 76 3e7900225
0 0 0 77 1c92ffe47
0 0 0 78 4841000d7
0 0 0 79 481a002bd
0 0 0 80 447d00356
0 0 0 81 189203c15
0 0 0 82 477fe6e7
0 0 0 83 2d52001b0
0 0 0 84 2cc802673
0 0 0 85 3e330024f
0 0 0 86 43ee00211
0 0 0 87 100504006
0 0 0 88 211602820
0 0 0 89 180ffc73b
0 0 0 90 2d2efda4b
0 0 0 91 259302d7c
0 0 0 92 3e7900225
0 0 0 93 1c92ffe47
0 0 0 94 4841000d7
0 0 0 95 481a002bd
0 0 0 96 30640025b
0 0 0 97 1eb6050a5
0 0 0 98 1216fb88c
0 0 0 99 332cffe93
0 0 0 100 2270030ef
0 0 0 101 3596000de
0 0 0 102 390100117
0 0 0 103 e09031e9
0 0 0 104 167d0194f
0 0 0 105 1ad8fbb2e
0 0 0 106 2078fd11d
0 0 0 107 1c9a02943
0 0 0 108 3a6f00116
0 0 0 109 130ffedfb
0 0 0 110 2ec100027
0 0 0 111 4197ffeeb
0 0 0 112 30640025b
0 0 0 113 1eb6050a5
0 0 0 114 1216fb88c
0 0 0 115 332cffe93
0 0 0 116 2270030ef
0 0 0 117 3596000de
0 0 0 118 390100117
0 0 0 119 e09031e9
0 0 0 120 167d0194f
0 0 0 121 1ad8fbb2e
0 0 0 122 2078fd11d
0 0 0 123 1c9a02943
0 0 0 124 3a6f00116
0 0 0 125 130ffedfb
0 0 0 126 2ec100027
0 0 0 127 4197ffeeb
1 1 0 0 ffe8651e
1 1 1 0 be02e200
1 1 2 0 efef1301
1 1 3 0 ee04fa0d
1 1 0 1 eeea08bc
1 1 1 1 6f613f4
1 1 2 1 dbf33427
1 1 3 1 ef02f7db
1 1 0 2 eeff00f7
1 1 1 2 ada529b7
1 1 2 2 fdf8041b
1 1 3 2 d0ca2fe9
1 1 0 3 71de6e2
1 1 1 3 fdf80d01
1 1 2 3 fa010d02
1 1 3 3 ffff02ff
1 1 0 4 9dc1919
1 1 1 4 fdf60904
1 1 2 4 f31f0e10
1 1 3 4 fb060e06
1 1 0 5 f103fb
1 1 1 5 5f12fde
1 1 2 5 1e06dfed
1 1 3 5 fefe01fa
1 1 0 6 dc66d15
1 1 1 6 2cfdf
1 1 2 6 20dc9fb
1 1 3 6 f1f4041e
1 1 0 7 3c0108e8
1 1 1 7 e4380818
1 1 2 7 d5030c53
1 1 3 7 df50214
1 1 0 8 e9d7cef6
1 1 1 8 2c130bc3
1 1 2 8 d21c0ad8
1 1 3 8 f522c9fa
1 1 0 9 29f631dc
1 1 1 9 1ffff02
1 1 2 9 fdef0106
1 1 3 9 2ff0002
1 1 0 10 dce43805
1 1 1 10 f6031c05
1 1 2 10 fe17041f
1 1 3 10 2f203fc
1 1 0 11 50dfb08
1 1 1 11 13eb2002
1 1 2 11 1a16b0d6
1 1 3 11 fe08cd08
1 1 0 12 34f01616
1 1 1 12 1c0deeed
1 1 2 12 1cfaee1b
1 1 3 12 f9f6f904
1 1 0 13 1a01fa96
1 1 1 13 dc35dfdf
1 1 2 13 331d396d
1 1 3 13 e912efdf
1 1 0 14 fd36cff2
1 1 1 14 3424db3e
1 1 2 14 13d90705
1 1 3 14 609001c
1 1 0 15 1ffff519
1 1 1 15 fdfa14fa
1 1 2 15 f50a06fd
1 1 3 15 fffe0100
1 1 0 16 f60e1edf
1 1 1 16 fee931fe
1 1 2 16 311e61e
1 1 3 16 101ee00
1 1 0 17 3f40105
1 1 1 17 eeee2618
1 1 2 17 500722f6
1 1 3 17 eadf3df2
1 1 0 18 17bdc303
1 1 1 18 a9f63a95
1 1 2 18 42f18
1 1 3 18 f20dd7d4
1 1 0 19 b031cfe
1 1 1 19 f7dd0706
1 1 2 19 eefeedfb
1 1 3 19 4fff5fc
1 1 0 20 f1bf0ef8
1 1 1 20 e4d83bd0
1 1 2 20 efa0616
1 1 3 20 c8ca2c0e
1 1 0 21 170b36c3
1 1 1 21 2fe0800
1 1 2 21 fb060502
1 1 3 21 ff05ff
1 1 0 22 e6ffca27
1 1 1 22 eb0431f3
1 1 2 22 1617f7ff
1 1 3 22 2eb0f03
1 1 0 23 f81ce8fa
1 1 1 23 faee1aca
1 1 2 23 a34a0ca
1 1 3 23 f8f71cf0
1 1 0 24 3425f830
1 1 1 24 d19ddf3
1 1 2 24 18e96a41
1 1 3 24 f08b7fa
1 1 0 25 f2000ad5
1 1 1 25 b1d3f7ff
1 1 2 25 371ac934
1 1 3 25 a5dc00ea
1 1 0 26 ff81c1f9
1 1 1 26 d3ae5fe
1 1 2 26 cbca78f3
1 1 3 26 c9f7f1ea
1 1 0 27 3f00061d
1 1 1 27 fe160c06
1 1 2 27 f5f30b0e
1 1 3 27 2fd03
1 1 0 28 cf161936
1 1 1 28 7fa0dff
1 1 2 28 1b19c913
1 1 3 28 ff00fc07
1 1 0 29 908fe04
1 1 1 29 1f230ac8
1 1 2 29 500331b9
1 1 3 29 ec3c81f5
1 1 0 30 20473441
1 1 1 30 4fffbe0
1 1 2 30 2ded5e41
1 1 3 30 faf0e208
1 1 0 31 314f1d0
1 1 1 31 d8f7f5cd
1 1 2 31 d3fee26
1 1 3 31 1ff3000b
1 1 0 32 f23ac6f8
1 1 1 32 5654b0e9
1 1 2 32 e63a81dd
1 1 3 32 808dffe
1 1 0 33 a0dc4fc
1 1 1 33 f3090dfa
1 1 2 33 e8ea2af9
1 1 3 33 fe0c04fd
1 1 0 34 b61a2304
1 1 1 34 708e013
1 1 2 34 1f6f8110
1 1 3 34 f50af7fd
1 1 0 35 3f90b0a
1 1 1 35 4d270af4
1 1 2 35 3bf15b26
1 1 3 35 d6dd50e5
1 1 0 36 1508d80f
1 1 1 36 ebbc581b
1 1 2 36 1cf904fa
1 1 3 36 f6f234f6
1 1 0 37 e1ed0af6
1 1 1 37 da220bcb
1 1 2 37 4fd2006
1 1 3 37 cf03eddf
1 1 0 38 18f30ef6
1 1 1 38 c4ec08b0
1 1 2 38 2deaf8
1 1 3 38 d6112343
1 1 0 39 15b524e1
1 1 1 39 1fe1000
1 1 2 39 119fa02
1 1 3 39 2f20afc
1 1 0 40 f2ecdf
1 1 1 40 bf44ee
1 1 2 40 1730e1f0
1 1 3 40 fefc0c03
1 1 0 41 fe19e4fe
1 1 1 41 e908ed0c
1 1 2 41 13bf3dd3
1 1 3 41 f8fc14fe
1 1 0 42 e09bd18
1 1 1 42 e223f8a1
1 1 2 42 3609d53b
1 1 3 42 24f73c2e
1 1 0 43 11fb07eb
1 1 1 43 d7e1e3eb
1 1 2 43 17181f
1 1 3 43 dfcfa00
1 1 0 44 14bcd001
1 1 1 44 c40ddac
1 1 2 44 f2da680d
1 1 3 44 940d3711
1 1 0 45 2306bbfb
1 1 1 45 fb0611ff
1 1 2 45 f9eb2503
1 1 3 45 401fc03
1 1 0 46 30baa1a
1 1 1 46 f22d1fb
1 1 2 46 29eeddec
1 1 3 46 4f302fe
1 1 0 47 10a0c04
1 1 1 47 8cf280a
1 1 2 47 31dd6902
1 1 3 47 e621a9ed
1 1 0 48 f520cf0f
1 1 1 48 2e20e200
1 1 2 48 1411f43d
1 1 3 48 2525292f
1 1 0 49 33ffe0f3
1 1 1 49 a7161da5
1 1 2 49 15251bf5
1 1 3 49 b8fbfdd0
1 1 0 50 fbfeddff
1 1 1 50 f70adca4
1 1 2 50 ce0ac5e3
1 1 3 50 d831b2e9
1 1 0 51 4160bf8
1 1 1 51 fbe733fb
1 1 2 51 f9cc41fa
1 1 3 51 fc0608ff
1 1 0 52 fc1afeff
1 1 1 52 15488100
1 1 2 52 b28bbf5
1 1 3 52 fee80dfe
1 1 0 53 d41f04
1 1 1 53 f3e87f0b
1 1 2 53 152bd2fe
1 1 3 53 f4fe4af4
1 1 0 54 ff1bf211
1 1 1 54 fd200dfb
1 1 2 54 f52cfd15
1 1 3 54 cf400f6
1 1 0 55 320002c1
1 1 1 55 efe0f623
1 1 2 55 fe062d09
1 1 3 55 cedc8f7
1 1 0 56 f50a0409
1 1 1 56 cff63232
1 1 2 56 e8031a0d
1 1 3 56 e032250c
1 1 0 57 1aebe50d
1 1 1 57 804fd01
1 1 2 57 f503fd16
1 1 3 57 e004fffe
1 1 0 58 90c27f8
1 1 1 58 12fcfff9
1 1 2 58 dd18fb03
1 1 3 58 afeff00
1 1 0 59 aefbf6e7
1 1 1 59 19fbdc01
1 1 2 59 def4d229
1 1 3 59 f907f60f
1 1 0 60 20bdf1e
1 1 1 60 be5d2fd
1 1 2 60 438e802
1 1 3 60 fcfae407
1 1 0 61 10db04b6
1 1 1 61 e5dec9f0
1 1 2 61 230c4714
1 1 3 61 ebd8040c
1 1 0 62 ee141af4
1 1 1 62 adf694fc
1 1 2 62 122718fb
1 1 3 62 1a0cfcff
1 1 0 63 1c5e5e5
1 1 1 63 14fe06fd
1 1 2 63 f6f90506
1 1 3 63 f60300fe
1 1 0 64 f2593cf4
1 1 1 64 10602
1 1 2 64 140b07ff
1 1 3 64 e5f9f9e4
1 1 0 65 fbfe0701
1 1 1 65 8f8f3f3
1 1 2 65 19c8cfd6
1 1 3 65 20ec24ef
1 1 0 66 ad5e40a
1 1 1 66 fed6f605
1 1 2 66 ff13ed05
1 1 3 66 faefe50b
1 1 0 67 2aabffeb
1 1 1 67 f09e40e
1 1 2 67 27241e19
1 1 3 67 ef2926f5
1 1 0 68 a070000
1 1 1 68 220b2116
1 1 2 68 1acf0608
1 1 3 68 4f6f3fe
1 1 0 69 9c6e909
1 1 1 69 f10302f6
1 1 2 69 edfc010a
1 1 3 69 d60000fc
1 1 0 70 100ed28
1 1 1 70 ff000400
1 1 2 70 330316fc
1 1 3 70 22fafdfc
1 1 0 71 4301fb1b
1 1 1 71 220314f2
1 1 2 71 4ccf0e9
1 1 3 71 e3fc050b
1 1 0 72 1b1b0ef7
1 1 1 72 df7f291e
1 1 2 72 b211401
1 1 3 72 1827ddf8
1 1 0 73 2ddc14c7
1 1 1 73 f8add307
1 1 2 73 e543d2f9
1 1 3 73 ffc3edf5
1 1 0 74 fff2f500
1 1 1 74 a0da132f
1 1 2 74 6ef2100
1 1 3 74 f8506c0b
1 1 0 75 bdcd6ed
1 1 1 75 2fb0200
1 1 2 75 eef70604
1 1 3 75 f10100f1
1 1 0 76 80438f6
1 1 1 76 fd06fb00
1 1 2 76 f60adb08
1 1 3 76 df40207
1 1 0 77 a005f9af
1 1 1 77 f302d3f9
1 1 2 77 f6deb5f6
1 1 3 77 f3f5f80e
1 1 0 78 c0e0cf4
1 1 1 78 a0ae5ee
1 1 2 78 fc5502f5
1 1 3 78 913d3eb
1 1 0 79 21f9e3d3
1 1 1 79 f2d3e9e8
1 1 2 79 251e0e2
1 1 3 79 6edcd0c
1 1 0 80 f0f107fa
1 1 1 80 a2f9dde5
1 1 2 80 f43248fb
1 1 3 80 fd7f29f0
1 1 0 81 ed9fd2ff
1 1 1 81 d4020ac9
1 1 2 81 e1fd0c04
1 1 3 81 2b05040b
1 1 0 82 95a7ff4
1 1 1 82 edebf6fb
1 1 2 82 15d6ed
1 1 3 82 69010a2a
1 1 0 83 d7f9fbf3
1 1 1 83 e304c50d
1 1 2 83 5bbd1f4
1 1 3 83 1ef041e3
1 1 0 84 5d1f21d
1 1 1 84 f9d6db0d
1 1 2 84 e73ed1fe
1 1 3 84 11f8faee
1 1 0 85 32d100d8
1 1 1 85 e902cd01
1 1 2 85 1a46f2e4
1 1 3 85 a31608
1 1 0 86 13f5ff00
1 1 1 86 b12edf2
1 1 2 86 90608ff
1 1 3 86 715f30f
1 1 0 87 19e6e302
1 1 1 87 b60103b5
1 1 2 87 e0040c07
1 1 3 87 d40300e2
1 1 0 88 f5692a07
1 1 1 88 5f1fd02
1 1 2 88 3c0a06ec
1 1 3 88 7f070733
1 1 0 89 7ffffe42
1 1 1 89 f21103e9
1 1 2 89 e588b10e
1 1 3 89 e6fb1b10
1 1 0 90 7fd0bea
1 1 1 90 f0420d0e
1 1 2 90 ebf8fe09
1 1 3 90 fc05de10
1 1 0 91 18d427c3
1 1 1 91 7d2db07
1 1 2 91 de10f019
1 1 3 91 808e5f9
1 1 0 92 16f0f306
1 1 1 92 bebb1720
1 1 2 92 f0e6f60b
1 1 3 92 f095efc
1 1 0 93 d5e5d710
1 1 1 93 7fc0004
1 1 2 93 7f8fd01
1 1 3 93 c020010
1 1 0 94 ebe8d60e
1 1 1 94 f612fd05
1 1 2 94 f6ce07
1 1 3 94 20fbfe07
1 1 0 95 c503fac6
1 1 1 95 20b10ee
1 1 2 95 eaf904
1 1 3 95 f00408
1 1 0 96 dc0a0ee1
1 1 1 96 f5724eb
1 1 2 96 5fe0feb
1 1 3 96 e626b905
1 1 0 97 f0af9df
1 1 1 97 cd2dbe7
1 1 2 97 f527c60a
1 1 3 97 6f5da11
1 1 0 98 f8e2e7fd
1 1 1 98 91e6b7cf
1 1 2 98 ffe13b02
1 1 3 98 ef6451da
1 1 0 99 5ccdbf8
1 1 1 99 e7fb05dd
1 1 2 99 f1faff0c
1 1 3 99 7f05094b
1 1 0 100 f8001df7
1 1 1 100 f1ebd505
1 1 2 100 fff5d802
1 1 3 100 24f9010d
1 1 0 101 4fdfe27
1 1 1 101 cef4f908
1 1 2 101 f1c6d204
1 1 3 101 50527ed
1 1 0 102 fa0105ef
1 1 1 102 16eee2fb
1 1 2 102 7140a0c
1 1 3 102 eb31e50b
1 1 0 103 28f531f2
1 1 1 103 a02ec15
1 1 2 103 f554f202
1 1 3 103 e051af8
1 1 0 104 11f9ff0a
1 1 1 104 f4f0e301
1 1 2 104 f93b0501
1 1 3 104 1859160f
1 1 0 105 f1f4ed0d
1 1 1 105 fc040cd6
1 1 2 105 e70a0b2d
1 1 3 105 ff08070d
1 1 0 106 8412cf9
1 1 1 106 24ecf5fa
1 1 2 106 c03f5f6
1 1 3 106 3030602
1 1 0 107 4c020335
1 1 1 107 cf25f406
1 1 2 107 f3e1e60f
1 1 3 107 3f21e08
1 1 0 108 4b01aee6
1 1 1 108 32052310
1 1 2 108 21f4fbef
1 1 3 108 80efa0c
1 1 0 109 f9ca0afa
1 1 1 109 f8e90cee
1 1 2 109 2b03d406
1 1 3 109 1e0622fc
1 1 0 110 f9fe0dfa
1 1 1 110 d709b13c
1 1 2 110 ffa04f0
1 1 3 110 13e70ae8
1 1 0 111 eb0d151c
1 1 1 111 fc08fb0e
1 1 2 111 fefdf812
1 1 3 111 ff070307
1 1 0 112 af719ea
1 1 1 112 e08ee0c
1 1 2 112 5faf3ea
1 1 3 112 fefef805
1 1 0 113 626fc3c
1 1 1 113 1112ff29
1 1 2 113 120428ff
1 1 3 113 2fd00f7
1 1 0 114 8eb81d8
1 1 1 114 f0021d07
1 1 2 114 26081b14
1 1 3 114 fcf8fdf2
1 1 0 115 fd625ef
1 1 1 115 4d08e30a
1 1 2 115 37e7020b
1 1 3 115 f70614f8
1 1 0 116 edfc3114
1 1 1 116 dee0839
1 1 2 116 eafef313
1 1 3 116 f6f60d0a
1 1 0 117 a903f902
1 1 1 117 fef408ef
1 1 2 117 f8f10631
1 1 3 117 ff030102
1 1 0 118 fcf8e3e9
1 1 1 118 5ffeaf9
1 1 2 118 1f04f011
1 1 3 118 fb2bfc03
1 1 0 119 f8e703fb
1 1 1 119 150207
1 1 2 119 f21c4a12
1 1 3 119 ea033806
1 1 0 120 cae9ce22
1 1 1 120 8fe02e8
1 1 2 120 26090d05
1 1 3 120 112ff09
1 1 0 121 f5c91af4
1 1 1 121 25fd32f9
1 1 2 121 3d20f215
1 1 3 121 fcf833f5
1 1 0 122 e800270c
1 1 1 122 7be5f9d0
1 1 2 122 708030d
1 1 3 122 fb1eed07
1 1 0 123 1ef8fe04
1 1 1 123 11df3d8
1 1 2 123 203fb3e
1 1 3 123 3030300
1 1 0 124 807a6fc
1 1 1 124 f405e1f6
1 1 2 124 2fc1000
1 1 3 124 3040efb
1 1 0 125 ffeef8e0
1 1 1 125 f30511f4
1 1 2 125 b8f9f204
1 1 3 125 4d9fd
1 1 0 126 2ef73e06
1 1 1 126 3ddd4f5
1 1 2 126 b3f2faf8
1 1 3 126 27060b1c
1 1 0 127 19cd19fe
1 1 1 127 7f071a0e
1 1 2 127 100601ee
1 1 3 127 18fe1afe
1 1 0 128 ff081505
1 1 1 128 c3f7b7f3
1 1 2 128 1416fd07
1 1 3 128 cde70aed
1 1 0 129 8109d408
1 1 1 129 f703fbe9
1 1 2 129 f3f8010f
1 1 3 129 fe17fc04
1 1 0 130 451b2b1f
1 1 1 130 fb07ce06
1 1 2 130 1fafdff
1 1 3 130 fe01f4f8
1 1 0 131 f246144a
1 1 1 131 ec01f6f3
1 1 2 131 f3074000
1 1 3 131 7f9e0f1
1 1 0 132 4bf120eb
1 1 1 132 1f10050e
1 1 2 132 81e1c0e3
1 1 3 132 48fb2a18
1 1 0 133 2c8fff8
1 1 1 133 5c04f207
1 1 2 133 34051117
1 1 3 133 5fbfe07
1 1 0 134 f8f74f12
1 1 1 134 250821f1
1 1 2 134 afe593c6
1 1 3 134 10fd1112
1 1 0 135 24dbe5d7
1 1 1 135 932ee9b
1 1 2 135 eeaf57d
1 1 3 135 fffa02ef
1 1 0 136 d5ea16ec
1 1 1 136 fbf7ebf5
1 1 2 136 2a0d2403
1 1 3 136 fbcefac3
1 1 0 137 b0dfced
1 1 1 137 2805f5db
1 1 2 137 81e7f5fe
1 1 3 137 e5095c26
1 1 0 138 46eaf0e1
1 1 1 138 300d0a05
1 1 2 138 cdffe1fa
1 1 3 138 26f624fe
1 1 0 139 7d21df9
1 1 1 139 4ffde6f9
1 1 2 139 71231b1e
1 1 3 139 fefe220b
1 1 0 140 f3093c06
1 1 1 140 43f000ee
1 1 2 140 20fd7621
1 1 3 140 2406130b
1 1 0 141 2d0c1c0b
1 1 1 141 f74afd81
1 1 2 141 f3ed7f
1 1 3 141 fc24faff
1 1 0 142 daf7cde6
1 1 1 142 2fa21f4
1 1 2 142 2ee5f10
1 1 3 142 f2cdfdda
1 1 0 143 5caf6d2
1 1 1 143 fa00e9e8
1 1 2 143 42fbb5d4
1 1 3 143 d7eec6e7
1 1 0 144 7262515
1 1 1 144 bcffc7d5
1 1 2 144 2b0205f1
1 1 3 144 a2f3fff7
1 1 0 145 edd21afd
1 1 1 145 4314ed09
1 1 2 145 c1f2ecef
1 1 3 145 19fc2107
1 1 0 146 60e0505
1 1 1 146 de09e2e7
1 1 2 146 110e110d
1 1 3 146 fd0cc8f6
1 1 0 147 f2e824e4
1 1 1 147 408f0f3
1 1 2 147 508fe1e
1 1 3 147 f9fffd07
1 1 0 148 1709f729
1 1 1 148 e001d802
1 1 2 148 1904faff
1 1 3 148 606fa0a
1 1 0 149 f5340d2e
1 1 1 149 9bfe44ed
1 1 2 149 a2f007f2
1 1 3 149 804ef03
1 1 0 150 29215119
1 1 1 150 2fdeb0b
1 1 2 150 6123270b
1 1 3 150 81fde3dc
1 1 0 151 14c40cfd
1 1 1 151 41122704
1 1 2 151 c9ec0508
1 1 3 151 e5f910fc
1 1 0 152 20054f4
1 1 1 152 20250b20
1 1 2 152 d1feaaea
1 1 3 152 ff06d1e5
1 1 0 153 321730fb
1 1 1 153 72bf5ba
1 1 2 153 bf9f26d
1 1 3 153 fcab02e9
1 1 0 154 5710471d
1 1 1 154 16fd16f6
1 1 2 154 25100604
1 1 3 154 600f9ed
1 1 0 155 8d1ffe8
1 1 1 155 bf0209c7
1 1 2 155 f9feb7c8
1 1 3 155 e9074511
1 1 0 156 3227340f
1 1 1 156 21030e01
1 1 2 156 4c020cf8
1 1 3 156 cafbe9eb
1 1 0 157 1fc30b0d
1 1 1 157 e2f4f4ef
1 1 2 157 81f5f302
1 1 3 157 100111fa
1 1 0 158 90326f8
1 1 1 158 f310eaff
1 1 2 158 ddfa4f01
1 1 3 158 e90c3e1a
1 1 0 159 206d407
1 1 1 159 f731eda2
1 1 2 159 f7e4e84e
1 1 3 159 f807f7fa
1 1 0 160 c0f01df4
1 1 1 160 fcfe720f
1 1 2 160 b0c2404
1 1 3 160 f9fafcea
1 1 0 161 5d7e5d4
1 1 1 161 e5fdb59d
1 1 2 161 340f050e
1 1 3 161 bcfec7ea
1 1 0 162 e7dedae0
1 1 1 162 be0502e5
1 1 2 162 fc0deefa
1 1 3 162 f00613eb
1 1 0 163 230f0781
1 1 1 163 d6ff1841
1 1 2 163 f325272b
1 1 3 163 3ec25f8
1 1 0 164 ec021604
1 1 1 164 2b0dc357
1 1 2 164 f1f1f6de
1 1 3 164 e01f0b2c
1 1 0 165 230015f5
1 1 1 165 3060e02
1 1 2 165 1fbf600
1 1 3 165 fffcf9fe
1 1 0 166 d5081ff4
1 1 1 166 106080a
1 1 2 166 2f6e4f2
1 1 3 166 6001303
1 1 0 167 fbfa1a00
1 1 1 167 bf4e60b
1 1 2 167 3fccb0c
1 1 3 167 f601e9fe
1 1 0 168 8e40aef
1 1 1 168 fcc7f3c5
1 1 2 168 3fe04e0
1 1 3 168 eaf508f3
1 1 0 169 dfe706ce
1 1 1 169 d6bfeff0
1 1 2 169 111fed0b
1 1 3 169 de0d01f3
1 1 0 170 f7090007
1 1 1 170 c029e81d
1 1 2 170 a33da03
1 1 3 170 e5f10b08
1 1 0 171 500e0039
1 1 1 171 ff0010fe
1 1 2 171 1fbef05
1 1 3 171 fdff01fc
1 1 0 172 d316e5fb
1 1 1 172 fdfbfdf8
1 1 2 172 e7f107f2
1 1 3 172 4fd01f7
1 1 0 173 8fde402
1 1 1 173 fbdc0ff2
1 1 2 173 4406fa13
1 1 3 173 fefe1c12
1 1 0 174 25e815f6
1 1 1 174 d90800eb
1 1 2 174 14f708e8
1 1 3 174 f7ed0f08
1 1 0 175 3edfcb6
1 1 1 175 d4e211d0
1 1 2 175 f11b0ada
1 1 3 175 e6f70ade
1 1 0 176 306d008
1 1 1 176 f7e7ed3b
1 1 2 176 fcfb031a
1 1 3 176 f109f4
1 1 0 177 13f81909
1 1 1 177 205f7fc
1 1 2 177 305e500
1 1 3 177 fefbfe
1 1 0 178 f418f10e
1 1 1 178 504fb0e
1 1 2 178 50618f0
1 1 3 178 20202fc
1 1 0 179 4010c01
1 1 1 179 90de009
1 1 2 179 35f8fa25
1 1 3 179 12e209
1 1 0 180 d5e343d0
1 1 1 180 b4ecef1d
1 1 2 180 9e81bf1
1 1 3 180 cebf0
1 1 0 181 df0a0fa9
1 1 1 181 bcd212e6
1 1 2 181 5030403
1 1 3 181 8ff1ee0c
1 1 0 182 ff0f17fb
1 1 1 182 1643b379
1 1 2 182 f0e31ec5
1 1 3 182 b5210525
1 1 0 183 6912fd23
1 1 1 183 1000d05
1 1 2 183 3fee109
1 1 3 183 100f601
1 1 0 184 c5dd16b6
1 1 1 184 10090604
1 1 2 184 f7e0d8ed
1 1 3 184 4050009
1 1 0 185 1f8f600
1 1 1 185 1703e805
1 1 2 185 47ddf712
1 1 3 185 f52be20b
1 1 0 186 f9ece3d5
1 1 1 186 d7ba19d1
1 1 2 186 2af112e6
1 1 3 186 29ee06e6
1 1 0 187 d5fff5ca
1 1 1 187 accbdcb2
1 1 2 187 eefa03eb
1 1 3 187 eb23f4a7
1 1 0 188 3074312
1 1 1 188 db3bf342
1 1 2 188 fb5cc42e
1 1 3 188 b62cf6fb
1 1 0 189 1c26234b
1 1 1 189 f20710fa
1 1 2 189 f202f601
1 1 3 189 ff0208fe
1 1 0 190 9a0d1fc0
1 1 1 190 1108f213
1 1 2 190 ebcee6ca
1 1 3 190 fe04fe03
1 1 0 191 fe0211fc
1 1 1 191 23e1df04
1 1 2 191 7c121f0e
1 1 3 191 fe13493d
1 1 0 192 9fd0b01
1 1 1 192 e0da03e0
1 1 2 192 260415d9
1 1 3 192 12f30bf8
1 1 0 193 a8d8edcd
1 1 1 193 c2be09a6
1 1 2 193 49cd2bd8
1 1 3 193 cdc613f5
1 1 0 194 418d010
1 1 1 194 e8f0203a
1 1 2 194 ec2a4a3d
1 1 3 194 d7e0fdbe
1 1 0 195 ef604f2
1 1 1 195 f9fb0902
1 1 2 195 f3f7dff6
1 1 3 195 fd00fc03
1 1 0 196 d825d5eb
1 1 1 196 b091515
1 1 2 196 f9f5e5ea
1 1 3 196 fffff0ff
1 1 0 197 1fae400
1 1 1 197 f1908fa
1 1 2 197 2830ef3f
1 1 3 197 c35df30
1 1 0 198 204f801
1 1 1 198 cafbed19
1 1 2 198 311eb0b
1 1 3 198 23d7d3ef
1 1 0 199 e0f70790
1 1 1 199 d0c6d1e1
1 1 2 199 f2f3fb04
1 1 3 199 5e205f0
1 1 0 200 d0deff5
1 1 1 200 e12cc67f
1 1 2 200 1d903e4
1 1 3 200 d6420716
1 1 0 201 1829003e
1 1 1 201 ff0106
1 1 2 201 105f704
1 1 3 201 401ff03
1 1 0 202 dedb00eb
1 1 1 202 9ffe406
1 1 2 202 5c8dadd
1 1 3 202 403fc05
1 1 0 203 2fb1ffc
1 1 1 203 2c12e710
1 1 2 203 4000080a
1 1 3 203 f927df03
1 1 0 204 eb04eee9
1 1 1 204 d2e40003
1 1 2 204 f5ecfae3
1 1 3 204 24eee1de
1 1 0 205 c40df3ff
1 1 1 205 a9a515c0
1 1 2 205 4687fcd1
1 1 3 205 c524ecd3
1 1 0 206 702190b
1 1 1 206 ab3f112d
1 1 2 206 fd5cda16
1 1 3 206 ad21e906
1 1 0 207 8ebee05
1 1 1 207 f3f904f7
1 1 2 207 f4f8ebf3
1 1 3 207 107fa06
1 1 0 208 b7a01299
1 1 1 208 909dd10
1 1 2 208 fdcee9d5
1 1 3 208 fbfbfaf4
1 1 0 209 1f5fd
1 1 1 209 14ff340c
1 1 2 209 1b29fa0f
1 1 3 209 232e33
1 1 0 210 f9ffd413
1 1 1 210 ddc506c9
1 1 2 210 fcf6e1e6
1 1 3 210 21213ec
1 1 0 211 a4c6f7de
1 1 1 211 eb8f1ab9
1 1 2 211 39f916e5
1 1 3 211 fa8100d8
1 1 0 212 818ff0d
1 1 1 212 da0c03ea
1 1 2 212 f2163347
1 1 3 212 d1e5e8de
1 1 0 213 ffe7d3f7
1 1 1 213 fb08130f
1 1 2 213 f702fb00
1 1 3 213 fe050306
1 1 0 214 e4f3e6b4
1 1 1 214 6ff2705
1 1 2 214 addebf4
1 1 3 214 f8010701
1 1 0 215 fa011f05
1 1 1 215 1f2ffc35
1 1 2 215 e4df33dc
1 1 3 215 731f52c
1 0 0 0 7cb00576
1 0 0 1 d2c002b4
1 0 0 2 1b2502351
1 0 0 3 153300900
1 0 0 4 c42ff1a4
1 0 0 5 8a5ffbf6
1 0 0 6 b80ffe6f
1 0 0 7 f3cff344
1 0 0 8 62900539
1 0 0 9 8ed0072e
1 0 0 10 237601897
1 0 0 11 447302099
1 0 0 12 2ac5017fa
1 0 0 13 148104721
1 0 0 14 185c00c9b
1 0 0 15 684d04ea2
1 0 0 16 1cfb00341
1 0 0 17 143702ad0
1 0 0 18 109101e4a
1 0 0 19 1abf01968
1 0 0 20 c0d010bb
1 0 0 21 230703f79
1 0 0 22 ca70108d
1 0 0 23 82080454d
1 0 0 24 7cb00576
1 0 0 25 d2c002b4
1 0 0 26 1b2502351
1 0 0 27 153300900
1 0 0 28 c42ff1a4
1 0 0 29 8a5ffbf6
1 0 0 30 b80ffe6f
1 0 0 31 f3cff344
1 0 0 32 62900539
1 0 0 33 8ed0072e
1 0 0 34 237601897
1 0 0 35 447302099
1 0 0 36 2ac5017fa
1 0 0 37 148104721
1 0 0 38 185c00c9b
1 0 0 39 684d04ea2
1 0 0 40 1cfb00341
1 0 0 41 143702ad0
1 0 0 42 109101e4a
1 0 0 43 1abf01968
1 0 0 44 c0d010bb
1 0 0 45 230703f79
1 0 0 46 ca70108d
1 0 0 47 82080454d
1 0 0 48 4aa00823
1 0 0 49 5ef00350
1 0 0 50 1ba300ef9
1 0 0 51 1ddf01283
1 0 0 52 e57ffa3c
1 0 0 53 a82ff6da
1 0 0 54 46effb5f
1 0 0 55 d1b0046e
1 0 0 56 a00031
1 0 0 57 7ab009d7
1 0 0 58 2ad10178a
1 0 0 59 1b8600d21
1 0 0 60 1dcc00fc8
1 0 0 61 150204ca3
1 0 0 62 1fa00184f
1 0 0 63 89fd050d4
1 0 0 64 1547002f8
1 0 0 65 151e00fd5
1 0 0 66 95200a04
1 0 0 67 17a000fa2
1 0 0 68 e9a00f16
1 0 0 69 16d30331b
1 0 0 70 161c021af
1 0 0 71 76a7064a9
1 0 0 72 4aa00823
1 0 0 73 5ef00350
1 0 0 74 1ba300ef9
1 0 0 75 1ddf01283
1 0 0 76 e57ffa3c
1 0 0 77 a82ff6da
1 0 0 78 46effb5f
1 0 0 79 d1b0046e
1 0 0 80 a00031
1 0 0 81 7ab009d7
1 0 0 82 2ad10178a
1 0 0 83 1b8600d21
1 0 0 84 1dcc00fc8
1 0 0 85 150204ca3
1 0 0 86 1fa00184f
1 0 0 87 89fd050d4
1 0 0 88 1547002f8
1 0 0 89 151e00fd5
1 0 0 90 95200a04
1 0 0 91 17a000fa2
1 0 0 92 e9a00f16
1 0 0 93 16d30331b
1 0 0 94 161c021af
1 0 0 95 76a7064a9
1 0 0 96 b75fff37
1 0 0 97 d75004cf
1 0 0 98 19d700aa3
1 0 0 99 1312009bd
1 0 0 100 4d1fecd6
1 0 0 101 bc9ffcd4
1 0 0 102 b79ff847
1 0 0 103 b64ff101
1 0 0 104 a9500979
1 0 0 105 73200c57
1 0 0 106 239d00c33
1 0 0 107 3c1e01856
1 0 0 108 39960178d
1 0 0 109 148804d3d
1 0 0 110 1557013dd
1 0 0 111 7d8f031d7
1 0 0 112 172c0023f
1 0 0 113 246c03551
1 0 0 114 10a501d86
1 0 0 115 155b0042e
1 0 0 116 17fc01973
1 0 0 117 1aba044e2
1 0 0 118 82301bd5
1 0 0 119 6c230425b
1 0 0 120 b75fff37
1 0 0 121 d75004cf
1 0 0 122 19d700aa3
1 0 0 123 1312009bd
1 0 0 124 4d1fecd6
1 0 0 125 bc9ffcd4
1 0 0 126 b79ff847
1 0 0 127 b64ff101
1 0 0 128 a9500979
1 0 0 129 73200c57
1 0 0 130 239d00c33
1 0 0 131 3c1e01856
1 0 0 132 39960178d
1 0 0 133 148804d3d
1 0 0 134 1557013dd
1 0 0 135 7d8f031d7
1 0 0 136 172c0023f
1 0 0 137 246c03551
1 0 0 138 10a501d86
1 0 0 139 155b0042e
1 0 0 140 17fc01973
1 0 0 141 1aba044e2
1 0 0 142 82301bd5
1 0 0 143 6c230425b
1 0 0 144 7df00691
1 0 0 145 11b3001e6
1 0 0 146 1d1802dd0
1 0 0 147 cdc0052e
1 0 0 148 e86fedeb
1 0 0 149 10dbff7df
1 0 0 150 12b4fee92
1 0 0 151 10b4ff735
1 0 0 152 158c0028b
1 0 0 153 eeff84b
1 0 0 154 1c080342a
1 0 0 155 36f201379
1 0 0 156 294d013f6
1 0 0 157 13cf049ba
1 0 0 158 1b23033f8
1 0 0 159 731603756
1 0 0 160 2356ffc73
1 0 0 161 146902368
1 0 0 162 cb902084
1 0 0 163 1e1a01ff5
1 0 0 164 11e20162b
1 0 0 165 1a3602653
1 0 0 166 6cb01033
1 0 0 167 6d2903678
1 0 0 168 7df00691
1 0 0 169 11b3001e6
1 0 0 170 1d1802dd0
1 0 0 171 cdc0052e
1 0 0 172 e86fedeb
1 0 0 173 10dbff7df
1 0 0 174 12b4fee92
1 0 0 175 10b4ff735
1 0 0 176 158c0028b
1 0 0 177 eeff84b
1 0 0 178 1c080342a
1 0 0 179 36f201379
1 0 0 180 294d013f6
1 0 0 181 13cf049ba
1 0 0 182 1b23033f8
1 0 0 183 731603756
1 0 0 184 2356ffc73
1 0 0 185 146902368
1 0 0 186 cb902084
1 0 0 187 1e1a01ff5
1 0 0 188 11e20162b
1 0 0 189 1a3602653
1 0 0 190 6cb01033
1 0 0 191 6d2903678
2 1 0 0 70905f4
2 1 0 1 351e38ee
2 1 0 2 1f21dcf5
2 1 0 3 ee00e6f9
2 1 0 4 818162e9
2 1 0 5 b3d9f7f0
2 1 0 6 f5fa2307
2 1 0 7 b79817f
2 1 0 8 51f7f16
2 1 0 9 e021981
2 1 0 10 44053012
2 1 0 11 3dfccb24
2 1 0 12 ff142296
2 1 0 13 5a7fb138
2 1 0 14 7f10fa34
2 1 0 15 36f9d096
2 1 0 16 6530f810
2 1 0 17 78037f62
2 1 0 18 8fc0bec
2 1 0 19 d21b0fdf
2 1 0 20 fb01f525
2 1 0 21 f1101eba
2 1 0 22 817f81cb
2 1 0 23 b3d7df7f
2 1 0 24 f4fd2cea
2 1 0 25 cf090ad3
2 1 0 26 d6e3b653
2 1 0 27 af000705
2 1 0 28 9b1e14e2
2 1 0 29 81020934
2 1 0 30 172721f1
2 1 0 31 138181b1
2 1 0 32 361f1c5f
2 1 0 33 bb020a12
2 1 0 34 db18107f
2 1 0 35 d00509cf
2 1 0 36 1804d8
2 1 0 37 3ef1130e
2 1 0 38 1faf10a
2 1 0 39 c6624e5
2 1 0 40 81817f0b
2 1 0 41 f911e3e9
2 1 0 42 fd2f0246
2 1 0 43 38b90c81
2 1 0 44 111aeba1
2 1 0 45 4fdc4ff
2 1 0 46 6d0681ff
2 1 0 47 60e9c702
2 1 0 48 37089ee8
2 1 0 49 1b16e4a2
2 1 0 50 60e8e17f
2 1 0 51 f2eaf0f6
2 1 0 52 46d6f8ed
2 1 0 53 7f7ff30d
2 0 0 0 52600418
2 0 0 1 82dff88f
2 0 0 2 c9019d8
2 0 0 3 1dc0470e
2 0 0 4 be1fe3ec
2 0 0 5 6940205d
2 0 0 6 381fea54
2 0 0 7 44dfea17
2 0 0 8 4f802aa3
2 0 0 9 49e002fe
2 0 0 10 150ff5d0
2 0 0 11 6104042
2 0 0 12 12f014c0
2 0 0 13 48f026f2
2 0 0 14 37d0185e
2 0 0 15 4e0443c
2 0 0 16 17804e7d
2 0 0 17 611f0010
2 0 0 18 335ffd09
2 0 0 19 31101c26
2 0 0 20 5eb01928
2 0 0 21 7104155
2 0 0 22 42c00a10
2 0 0 23 3aff6b1
2 0 0 24 52600418
2 0 0 25 82dff88f
2 0 0 26 c9019d8
2 0 0 27 1dc0470e
2 0 0 28 be1fe3ec
2 0 0 29 6940205d
2 0 0 30 381fea54
2 0 0 31 44dfea17
2 0 0 32 4f802aa3
2 0 0 33 49e002fe
2 0 0 34 150ff5d0
2 0 0 35 6104042
2 0 0 36 12f014c0
2 0 0 37 48f026f2
2 0 0 38 37d0185e
2 0 0 39 4e0443c
2 0 0 40 17804e7d
2 0 0 41 611f0010
2 0 0 42 335ffd09
2 0 0 43 31101c26
2 0 0 44 5eb01928
2 0 0 45 7104155
2 0 0 46 42c00a10
2 0 0 47 3aff6b1
2 0 0 48 6ccfe75e
2 0 0 49 cfdfe520
2 0 0 50 d101880
2 0 0 51 16503e1b
2 0 0 52 55ffe239
2 0 0 53 65bffef3
2 0 0 54 6bb003b4
2 0 0 55 578fd88f
2 0 0 56 2fa5ff052
2 0 0 57 334021d4
2 0 0 58 10701dcc
2 0 0 59 17504c59
2 0 0 60 311ffd51
2 0 0 61 59c02b34
2 0 0 62 33d01c61
2 0 0 63 3c02a9c
2 0 0 64 15d0466e
2 0 0 65 3e2fd2cd
2 0 0 66 55a004e0
2 0 0 67 3d9018c9
2 0 0 68 5b6015c9
2 0 0 69 2cff9c0
2 0 0 70 157048b1
2 0 0 71 1600072
2 0 0 72 6ccfe75e
2 0 0 73 cfdfe520
2 0 0 74 d101880
2 0 0 75 16503e1b
2 0 0 76 55ffe239
2 0 0 77 65bffef3
2 0 0 78 6bb003b4
2 0 0 79 578fd88f
2 0 0 80 2fa5ff052
2 0 0 81 334021d4
2 0 0 82 10701dcc
2 0 0 83 17504c59
2 0 0 84 311ffd51
2 0 0 85 59c02b34
2 0 0 86 33d01c61
2 0 0 87 3c02a9c
2 0 0 88 15d0466e
2 0 0 89 3e2fd2cd
2 0 0 90 55a004e0
2 0 0 91 3d9018c9
2 0 0 92 5b6015c9
2 0 0 93 2cff9c0
2 0 0 94 157048b1
2 0 0 95 1600072
2 0 0 96 33e01024
2 0 0 97 1a4ffcac
2 0 0 98 10d00ccc
2 0 0 99 233019c7
2 0 0 100 86a9fddda
2 0 0 101 66502217
2 0 0 102 4d1fff44
2 0 0 103 6dfff1ea
2 0 0 104 38f007e9
2 0 0 105 7e200684
2 0 0 106 1710025d
2 0 0 107 ac04544
2 0 0 108 fc0142e
2 0 0 109 5570222d
2 0 0 110 42d01ba3
2 0 0 111 6905928
2 0 0 112 d102940
2 0 0 113 2bff7a81
2 0 0 114 3320049b
2 0 0 115 4c501efa
2 0 0 116 3f3012f5
2 0 0 117 57032c1
2 0 0 118 5dcffd3d
2 0 0 119 4a0000a
2 0 0 120 33e01024
2 0 0 121 1a4ffcac
2 0 0 122 10d00ccc
2 0 0 123 233019c7
2 0 0 124 86a9fddda
2 0 0 125 66502217
2 0 0 126 4d1fff44
2 0 0 127 6dfff1ea
2 0 0 128 38f007e9
2 0 0 129 7e200684
2 0 0 130 1710025d
2 0 0 131 ac04544
2 0 0 132 fc0142e
2 0 0 133 5570222d
2 0 0 134 42d01ba3
2 0 0 135 6905928
2 0 0 136 d102940
2 0 0 137 2bff7a81
2 0 0 138 3320049b
2 0 0 139 4c501efa
2 0 0 140 3f3012f5
2 0 0 141 57032c1
2 0 0 142 5dcffd3d
2 0 0 143 4a0000a
2 0 0 144 33701002
2 0 0 145 716ff281
2 0 0 146 ff02ee8
2 0 0 147 28b04f36
2 0 0 148 bc9ff2bc
2 0 0 149 58400318
2 0 0 150 2ccffb8e
2 0 0 151 34eff23c
2 0 0 152 e901847
2 0 0 153 77bb0072e
2 0 0 154 e7ff9e2
2 0 0 155 9e053ab
2 0 0 156 13600807
2 0 0 157 5cc0282f
2 0 0 158 3f801ebe
2 0 0 159 6b04a0a
2 0 0 160 11405297
2 0 0 161 413f715c
2 0 0 162 2a000326
2 0 0 163 30902c66
2 0 0 164 55c00a83
2 0 0 165 6502e69
2 0 0 166 52f01425
2 0 0 167 24ff79b
2 0 0 168 33701002
2 0 0 169 716ff281
2 0 0 170 ff02ee8
2 0 0 171 28b04f36
2 0 0 172 bc9ff2bc
2 0 0 173 58400318
2 0 0 174 2ccffb8e
2 0 0 175 34eff23c
2 0 0 176 e901847
2 0 0 177 77bb0072e
2 0 0 178 e7ff9e2
2 0 0 179 9e053ab
2 0 0 180 13600807
2 0 0 181 5cc0282f
2 0 0 182 3f801ebe
2 0 0 183 6b04a0a
2 0 0 184 11405297
2 0 0 185 413f715c
2 0 0 186 2a000326
2 0 0 187 30902c66
2 0 0 188 55c00a83
2 0 0 189 6502e69
2 0 0 190 52f01425
2 0 0 191 24ff79b
3 1 0 0 2d37f9e2
3 1 0 1 150af2ec
3 1 0 2 ef81fe23
3 1 0 3 7c3bd038
3 1 0 4 5a591711
3 1 0 5 e699fa3f
3 1 0 6 38e2d7d4
3 1 0 7 209eeda
3 1 0 8 11150903
3 1 0 9 1ecccb09
3 1 0 10 44c902f6
3 1 0 11 a352909
3 1 0 12 1921ea14
3 1 0 13 e14f700
3 1 0 14 fbf804f5
3 1 0 15 ecdcf821
3 1 0 16 7fddaf5
3 1 0 17 796a0ba2
3 1 0 18 811112c2
3 1 0 19 1203020f
3 1 0 20 7f188c1e
3 1 0 21 aee8f37f
3 1 0 22 2c4435e4
3 1 0 23 3403e2ed
3 1 0 24 1e05abfd
3 1 0 25 702e503
3 1 0 26 ffee0703
3 1 0 27 fd81f3f2
3 1 0 28 acda1bf4
3 1 0 29 c3d269f8
3 1 0 30 2981f75b
3 1 0 31 100a1000
3 1 0 32 19080801
3 1 0 33 3ab2d97f
3 1 0 34 11e5c500
3 1 0 35 fff30705
3 1 0 36 152af30d
3 1 0 37 3fefa06
3 1 0 38 fe070107
3 1 0 39 210f006
3 1 0 40 fefafefb
3 1 0 41 1cd4fa1a
3 1 0 42 ef3af90f
3 1 0 43 faf80804
3 1 0 44 12f2e63b
3 1 0 45 ff200505
3 1 0 46 236d51b
3 1 0 47 fd021408
3 1 0 48 b1df19f9
3 1 0 49 f526feee
3 1 0 50 c2f7170f
3 1 0 51 4c5b439
3 1 0 52 3765cc28
3 1 0 53 6909304c
3 1 0 54 4e0d18f0
3 1 0 55 10d1f80d
3 1 0 56 ce40800
3 1 0 57 32fd3ff3
3 1 0 58 813ffeb4
3 1 0 59 cae80a14
3 1 0 60 10e9fde3
3 1 0 61 fce2f7dc
3 1 0 62 106ef02
3 1 0 63 8b1e7ff7
3 1 0 64 23f81081
3 1 0 65 168109c7
3 1 0 66 e034ffed
3 1 0 67 fbf104fa
3 1 0 68 4fee6b50
3 1 0 69 f1140a2b
3 1 0 70 9ff0fafe
3 1 0 71 93ece6af
3 1 0 72 32daf789
3 1 0 73 e9f3f4fe
3 1 0 74 cffeffa
3 1 0 75 c5f915aa
3 1 0 76 513f433
3 1 0 77 1033137f
3 1 0 78 e61ad7fd
3 1 0 79 ff7faf3
3 1 0 80 9fe09dc
3 1 0 81 d226fc0f
3 1 0 82 f5f2fdcd
3 1 0 83 10121005
3 1 0 84 adf9bf81
3 1 0 85 e63481f7
3 1 0 86 fb8152fb
3 1 0 87 6b206dea
3 1 0 88 108fdf4
3 1 0 89 ea1922e0
3 1 0 90 ea1d2903
3 1 0 91 f11b5bfe
3 1 0 92 8e5329a9
3 1 0 93 f3e4eb03
3 1 0 94 43387fff
3 1 0 95 12eae310
3 1 0 96 ef9cccd3
3 1 0 97 fe370614
3 1 0 98 e13009d1
3 1 0 99 17d28d56
3 1 0 100 ff34fc5d
3 1 0 101 29136213
3 1 0 102 e0d6db03
3 1 0 103 f7013b40
3 1 0 104 8cf0027
3 1 0 105 f608ec13
3 1 0 106 f25def8b
3 1 0 107 8170781
3 1 0 108 21364812
3 1 0 109 69fef101
3 1 0 110 3eff0506
3 1 0 111 f44614ed
3 1 0 112 328d6f4
3 1 0 113 100dc31
3 1 0 114 14e22923
3 1 0 115 8100f206
3 1 0 116 b219aff5
3 1 0 117 f216e5ff
3 1 0 118 117440a5
3 1 0 119 19f2f27f
3 1 0 120 d7fe216
3 1 0 121 a7ffb00
3 1 0 122 fb040cfa
3 1 0 123 f70c8af4
3 1 0 124 1aed81fb
3 1 0 125 dd00d9f5
3 1 0 126 f504c9d2
3 1 0 127 3b147ffe
3 1 0 128 812ef004
3 1 0 129 e1cde4b3
3 1 0 130 ca19970e
3 1 0 131 fe0cebfb
3 1 0 132 12ed17d8
3 1 0 133 6f94251
3 1 0 134 f7020629
3 1 0 135 110348f8
3 1 0 136 1ffcf302
3 1 0 137 24577720
3 1 0 138 ff7fb0d
3 1 0 139 5030dc1
3 1 0 140 abe79f2b
3 1 0 141 5011ef9
3 1 0 142 fd1d1f2e
3 1 0 143 f1e6f6e6
3 0 0 0 14e02c45
3 0 0 1 2e000347
3 0 0 2 11102301
3 0 0 3 188fdf83
3 0 0 4 d9fe7fd
3 0 0 5 2bafa5ad
3 0 0 6 12dff6d3
3 0 0 7 182fe0cd
3 0 0 8 9dfdb09
3 0 0 9 131feaa4
3 0 0 10 ff05c68
3 0 0 11 40103c97
3 0 0 12 4210213b
3 0 0 13 195001e3
3 0 0 14 4fe01156
3 0 0 15 7001415
3 0 0 16 1b302f6f
3 0 0 17 6800117
3 0 0 18 1390294a
3 0 0 19 3a90117e
3 0 0 20 2200007
3 0 0 21 268014b7
3 0 0 22 e1ffcdd
3 0 0 23 c1004f6
3 0 0 24 14e02c45
3 0 0 25 2e000347
3 0 0 26 11102301
3 0 0 27 188fdf83
3 0 0 28 d9fe7fd
3 0 0 29 2bafa5ad
3 0 0 30 12dff6d3
3 0 0 31 182fe0cd
3 0 0 32 9dfdb09
3 0 0 33 131feaa4
3 0 0 34 ff05c68
3 0 0 35 40103c97
3 0 0 36 4210213b
3 0 0 37 195001e3
3 0 0 38 4fe01156
3 0 0 39 7001415
3 0 0 40 1b302f6f
3 0 0 41 6800117
3 0 0 42 1390294a
3 0 0 43 3a90117e
3 0 0 44 2200007
3 0 0 45 268014b7
3 0 0 46 e1ffcdd
3 0 0 47 c1004f6
3 0 0 48 e9ff9c3
3 0 0 49 21dfdb8b
3 0 0 50 18502d42
3 0 0 51 149fdf4c
3 0 0 52 1c5fc83c
3 0 0 53 24ffe3d1
3 0 0 54 10efec1c
3 0 0 55 25fff84a
3 0 0 56 197fedc2
3 0 0 57 142fe61a
3 0 0 58 16503fef
3 0 0 59 1ab00f98
3 0 0 60 be00e00
3 0 0 61 24400d5b
3 0 0 62 482fff12
3 0 0 63 8001306
3 0 0 64 154005bc
3 0 0 65 a901c4b
3 0 0 66 a201b1f
3 0 0 67 3b001396
3 0 0 68 3ffff00854
3 0 0 69 35d02726
3 0 0 70 e300520
3 0 0 71 25affe88
3 0 0 72 e9ff9c3
3 0 0 73 21dfdb8b
3 0 0 74 18502d42
3 0 0 75 149fdf4c
3 0 0 76 1c5fc83c
3 0 0 77 24ffe3d1
3 0 0 78 10efec1c
3 0 0 79 25fff84a
3 0 0 80 197fedc2
3 0 0 81 142fe61a
3 0 0 82 16503fef
3 0 0 83 1ab00f98
3 0 0 84 be00e00
3 0 0 85 24400d5b
3 0 0 86 482fff12
3 0 0 87 8001306
3 0 0 88 154005bc
3 0 0 89 a901c4b
3 0 0 90 a201b1f
3 0 0 91 3b001396
3 0 0 92 3ffff00854
3 0 0 93 35d02726
3 0 0 94 e300520
3 0 0 95 25affe88
3 0 0 96 122012a7
3 0 0 97 27cffee0
3 0 0 98 10100af4
3 0 0 99 106ffa8f
3 0 0 100 bb02198
3 0 0 101 163fff95
3 0 0 102 b4fed71
3 0 0 103 f2ff1fb
3 0 0 104 c3fdd75
3 0 0 105 a9fe7a6
3 0 0 106 fa0479e
3 0 0 107 614037f2
3 0 0 108 39402cc4
3 0 0 109 1b10043b
3 0 0 110 5d2026e5
3 0 0 111 940000d
3 0 0 112 3010166c
3 0 0 113 b40152a
3 0 0 114 1b3015d6
3 0 0 115 34f023f2
3 0 0 116 35005b2
3 0 0 117 27d0267a
3 0 0 118 14ffe66a
3 0 0 119 1c0ffc36
3 0 0 120 122012a7
3 0 0 121 27cffee0
3 0 0 122 10100af4
3 0 0 123 106ffa8f
3 0 0 124 bb02198
3 0 0 125 163fff95
3 0 0 126 b4fed71
3 0 0 127 f2ff1fb
3 0 0 128 c3fdd75
3 0 0 129 a9fe7a6
3 0 0 130 fa0479e
3 0 0 131 614037f2
3 0 0 132 39402cc4
3 0 0 133 1b10043b
3 0 0 134 5d2026e5
3 0 0 135 940000d
3 0 0 136 3010166c
3 0 0 137 b40152a
3 0 0 138 1b3015d6
3 0 0 139 34f023f2
3 0 0 140 35005b2
3 0 0 141 27d0267a
3 0 0 142 14ffe66a
3 0 0 143 1c0ffc36
3 0 0 144 f30277c
3 0 0 145 36afe84d
3 0 0 146 98011fd
3 0 0 147 167fd278
3 0 0 148 97fe8e7
3 0 0 149 282fcec7
3 0 0 150 e5fe6d3
3 0 0 151 f5ff867
3 0 0 152 18ffd918
3 0 0 153 113fe1ea
3 0 0 154 104037cd
3 0 0 155 2a602c3e
3 0 0 156 23f00bca
3 0 0 157 f000418
3 0 0 158 2ce00eb7
3 0 0 159 2200d16
3 0 0 160 1d802379
3 0 0 161 aeffd5d
3 0 0 162 13401e6d
3 0 0 163 d400e52
3 0 0 164 d00aa4
3 0 0 165 2200341d
3 0 0 166 9cffea3
3 0 0 167 8d00b02
3 0 0 168 f30277c
3 0 0 169 36afe84d
3 0 0 170 98011fd
3 0 0 171 167fd278
3 0 0 172 97fe8e7
3 0 0 173 282fcec7
3 0 0 174 e5fe6d3
3 0 0 175 f5ff867
3 0 0 176 18ffd918
3 0 0 177 113fe1ea
3 0 0 178 104037cd
3 0 0 179 2a602c3e
3 0 0 180 23f00bca
3 0 0 181 f000418
3 0 0 182 2ce00eb7
3 0 0 183 2200d16
3 0 0 184 1d802379
3 0 0 185 aeffd5d
3 0 0 186 13401e6d
3 0 0 187 d400e52
3 0 0 188 d00aa4
3 0 0 189 2200341d
3 0 0 190 9cffea3
3 0 0 191 8d00b02
4 1 0 0 a4f9101f
4 1 0 1 d60305ff
4 1 0 2 a1fcfec7
4 1 0 3 f2da17fe
4 1 0 4 1c7f7f81
4 1 0 5 f001ff13
4 1 0 6 8a02fdca
4 1 0 7 ce2612e6
4 1 0 8 8110f421
4 1 0 9 81cee631
4 1 0 10 b3f7f25
4 1 0 11 fb9e0dee
4 1 0 12 f1b52f7f
4 1 0 13 d17fdd6f
4 1 0 14 eeace7b6
4 1 0 15 9d1221f
4 1 0 16 df56dccf
4 1 0 17 beb4f710
4 1 0 18 fd034a3e
4 1 0 19 4016317
4 1 0 20 f6f92dac
4 1 0 21 bf55b7f
4 1 0 22 7f7f7f1e
4 1 0 23 a085683
4 1 0 24 f9f23917
4 1 0 25 371e5317
4 1 0 26 104cd9
4 1 0 27 1e1ee755
4 1 0 28 c132c667
4 1 0 29 410ee7f
4 1 0 30 fb61155a
4 1 0 31 7f7f7f08
4 1 0 32 9c32e856
4 1 0 33 f823f549
4 1 0 34 821c11b
4 1 0 35 1516f051
4 1 0 36 1000d521
4 1 0 37 1fecc8f5
4 1 0 38 f704fee0
4 1 0 39 43f2f27f
4 1 0 40 7f7f69ec
4 1 0 41 1aeb8187
4 1 0 42 1c06d318
4 1 0 43 5e00075a
4 1 0 44 fbfdde9b
4 1 0 45 fe3f0c05
4 1 0 46 19fe46fd
4 1 0 47 d5ceff7
4 1 0 48 812f1c0f
4 1 0 49 7f7f7f63
4 1 0 50 c4c21681
4 1 0 51 15371009
4 1 0 52 15260609
4 1 0 53 d290aea
4 0 0 0 15c03b04
4 0 0 1 135ffc8a
4 0 0 2 197fc6c6
4 0 0 3 18e02ff1
4 0 0 4 11a021ca
4 0 0 5 132fffc0
4 0 0 6 fd7fe4ed
4 0 0 7 137010eb
4 0 0 8 3b4cfde42
4 0 0 9 4d4fd645
4 0 0 10 d9fea1c
4 0 0 11 92fe01f
4 0 0 12 37ff9c9
4 0 0 13 bd03130
4 0 0 14 73f7a37
4 0 0 15 1cfffb5b
4 0 0 16 dd00a1b
4 0 0 17 1eb0b6c4
4 0 0 18 16ffe218
4 0 0 19 9ff8e0f
4 0 0 20 5c1019a6
4 0 0 21 83fdbce
4 0 0 22 90ff2d6
4 0 0 23 70ffcfe
4 0 0 24 15c03b04
4 0 0 25 135ffc8a
4 0 0 26 197fc6c6
4 0 0 27 18e02ff1
4 0 0 28 11a021ca
4 0 0 29 132fffc0
4 0 0 30 fd7fe4ed
4 0 0 31 137010eb
4 0 0 32 3b4cfde42
4 0 0 33 4d4fd645
4 0 0 34 d9fea1c
4 0 0 35 92fe01f
4 0 0 36 37ff9c9
4 0 0 37 bd03130
4 0 0 38 73f7a37
4 0 0 39 1cfffb5b
4 0 0 40 dd00a1b
4 0 0 41 1eb0b6c4
4 0 0 42 16ffe218
4 0 0 43 9ff8e0f
4 0 0 44 5c1019a6
4 0 0 45 83fdbce
4 0 0 46 90ff2d6
4 0 0 47 70ffcfe
4 0 0 48 39304e83
4 0 0 49 358fd24c
4 0 0 50 104fe7c9
4 0 0 51 3230087c
4 0 0 52 9302b31
4 0 0 53 13dffa01
4 0 0 54 3f6dfe82a
4 0 0 55 1f504a23
4 0 0 56 5460102f
4 0 0 57 e6bfdf56
4 0 0 58 f9ff366
4 0 0 59 1a2fe3f2
4 0 0 60 7bfd35a
4 0 0 61 61fff0e
4 0 0 62 ffe88c
4 0 0 63 184fe798
4 0 0 64 e1012ca
4 0 0 65 17c0a316
4 0 0 66 1f1ff795
4 0 0 67 ddf63e6
4 0 0 68 4fc01be7
4 0 0 69 52ff150
4 0 0 70 a7fda16
4 0 0 71 8c00036
4 0 0 72 39304e83
4 0 0 73 358fd24c
4 0 0 74 104fe7c9
4 0 0 75 3230087c
4 0 0 76 9302b31
4 0 0 77 13dffa01
4 0 0 78 3f6dfe82a
4 0 0 79 1f504a23
4 0 0 80 5460102f
4 0 0 81 e6bfdf56
4 0 0 82 f9ff366
4 0 0 83 1a2fe3f2
4 0 0 84 7bfd35a
4 0 0 85 61fff0e
4 0 0 86 ffe88c
4 0 0 87 184fe798
4 0 0 88 e1012ca
4 0 0 89 17c0a316
4 0 0 90 1f1ff795
4 0 0 91 ddf63e6
4 0 0 92 4fc01be7
4 0 0 93 52ff150
4 0 0 94 a7fda16
4 0 0 95 8c00036
4 0 0 96 eb01df0
4 0 0 97 14200044
4 0 0 98 21efff34
4 0 0 99 34d004ed
4 0 0 100 12bfba7c
4 0 0 101 e0fe3e1
4 0 0 102 7ccbfe104
4 0 0 103 4fb00dbf
4 0 0 104 9e0fe4f8
4 0 0 105 25e5fdc24
4 0 0 106 128fd9ff
4 0 0 107 63fe49a
4 0 0 108 41ff542
4 0 0 109 10202b39
4 0 0 110 6af77fd
4 0 0 111 1e4ff7b1
4 0 0 112 1200166e
4 0 0 113 e20813b
4 0 0 114 15ffe73c
4 0 0 115 81fb8c0
4 0 0 116 38a02174
4 0 0 117 a7fb4e5
4 0 0 118 afffd08
4 0 0 119 89ff6be
4 0 0 120 eb01df0
4 0 0 121 14200044
4 0 0 122 21efff34
4 0 0 123 34d004ed
4 0 0 124 12bfba7c
4 0 0 125 e0fe3e1
4 0 0 126 7ccbfe104
4 0 0 127 4fb00dbf
4 0 0 128 9e0fe4f8
4 0 0 129 25e5fdc24
4 0 0 130 128fd9ff
4 0 0 131 63fe49a
4 0 0 132 41ff542
4 0 0 133 10202b39
4 0 0 134 6af77fd
4 0 0 135 1e4ff7b1
4 0 0 136 1200166e
4 0 0 137 e20813b
4 0 0 138 15ffe73c
4 0 0 139 81fb8c0
4 0 0 140 38a02174
4 0 0 141 a7fb4e5
4 0 0 142 afffd08
4 0 0 143 89ff6be
4 0 0 144 1cf07508
4 0 0 145 16dffbdc
4 0 0 146 19afbffc
4 0 0 147 e301d59
4 0 0 148 1ad0015d
4 0 0 149 acffa58
4 0 0 150 f40fde35
4 0 0 151 22803ed7
4 0 0 152 19ffe9bd
4 0 0 153 48dfd7ac
4 0 0 154 108fe6ab
4 0 0 155 a7fdd0d
4 0 0 156 4cfe6f9
4 0 0 157 8a01e4b
4 0 0 158 26fc6fa
4 0 0 159 185febbc
4 0 0 160 9200d13
4 0 0 161 15d09f7e
4 0 0 162 16afe844
4 0 0 163 72fa8af
4 0 0 164 457023ba
4 0 0 165 b8fb409
4 0 0 166 1c7fbc1e
4 0 0 167 4affba7
4 0 0 168 1cf07508
4 0 0 169 16dffbdc
4 0 0 170 19afbffc
4 0 0 171 e301d59
4 0 0 172 1ad0015d
4 0 0 173 acffa58
4 0 0 174 f40fde35
4 0 0 175 22803ed7
4 0 0 176 19ffe9bd
4 0 0 177 48dfd7ac
4 0 0 178 108fe6ab
4 0 0 179 a7fdd0d
4 0 0 180 4cfe6f9
4 0 0 181 8a01e4b
4 0 0 182 26fc6fa
4 0 0 183 185febbc
4 0 0 184 9200d13
4 0 0 185 15d09f7e
4 0 0 186 16afe844
4 0 0 187 72fa8af
4 0 0 188 457023ba
4 0 0 189 b8fb409
4 0 0 190 1c7fbc1e
4 0 0 191 4affba7
5 1 0 0 fcceecd2
5 1 0 1 5fe496a3
5 1 0 2 67fe812
5 1 0 3 8109ed1f
5 1 0 4 fb0102ff
5 1 0 5 cfee1336
5 1 0 6 a2de81a4
5 1 0 7 44daebcb
5 1 0 8 12ef7f9d
5 1 0 9 b1fa3d5e
5 1 0 10 eb45e9f8
5 1 0 11 e0faf2fa
5 1 0 12 d5c8b9e1
5 1 0 13 ac819c5
5 1 0 14 d2aa1914
5 1 0 15 10cb12f2
5 1 0 16 f8088100
5 1 0 17 7ff10cd1
5 1 0 18 21e633ce
5 1 0 19 e9d5161e
5 1 0 20 93de101
5 1 0 21 4a81050c
5 1 0 22 2e02f23a
5 1 0 23 af100fa
5 1 0 24 d201cd0f
5 1 0 25 c9fb0ff1
5 1 0 26 12ffdfdf
5 1 0 27 400018
5 1 0 28 13f8f3e6
5 1 0 29 8fedeeb
5 1 0 30 2f4ec3d0
5 1 0 31 7f3020c
5 1 0 32 f606fcfd
5 1 0 33 70f52ef8
5 1 0 34 b6f7f505
5 1 0 35 630d0181
5 1 0 36 1af73f02
5 1 0 37 eaf42914
5 1 0 38 65f34345
5 1 0 39 faff06c5
5 1 0 40 14f4d903
5 1 0 41 ddf62c9e
5 1 0 42 bf22d36
5 1 0 43 19fa3533
5 1 0 44 201081d
5 1 0 45 717f217
5 1 0 46 d60c6f4c
5 1 0 47 1fdfffd
5 1 0 48 ee810753
5 1 0 49 16affd16
5 1 0 50 a9c900f8
5 1 0 51 e8012a0b
5 1 0 52 fef2fffc
5 1 0 53 d97ffc1d
5 1 0 54 da022fee
5 1 0 55 fe05fcdc
5 1 0 56 f7cdff19
5 1 0 57 51810a16
5 1 0 58 e592032a
5 1 0 59 d81e00ee
5 1 0 60 c6f5fac6
5 1 0 61 fe00321
5 1 0 62 ebd1032b
5 1 0 63 f0d5070e
5 1 0 64 db440e18
5 1 0 65 201800ef
5 1 0 66 7f281541
5 1 0 67 25f9030d
5 1 0 68 2f7f09fe
5 1 0 69 dad9f8ea
5 1 0 70 dec31045
5 1 0 71 10040ef6
5 1 0 72 f1191b1f
5 1 0 73 d51b1e31
5 1 0 74 feeff0da
5 1 0 75 1405c7f8
5 1 0 76 50c0ffc
5 1 0 77 fcfd0304
5 1 0 78 24f621a6
5 1 0 79 fa2c05e5
5 1 0 80 31103e0
5 1 0 81 dbfb6794
5 1 0 82 e8deffcd
5 1 0 83 f0e030e
5 1 0 84 3dca996
5 1 0 85 1f2651f2
5 1 0 86 2fa6d402
5 1 0 87 7fe7e6e4
5 1 0 88 fb08f816
5 1 0 89 e30b1e2e
5 1 0 90 fe0ae7a1
5 1 0 91 d315e827
5 1 0 92 9f4ffed
5 1 0 93 209f5e7
5 1 0 94 3909f281
5 1 0 95 f5fbf9
5 1 0 96 2dddd907
5 1 0 97 41dc3e81
5 1 0 98 f7340c17
5 1 0 99 fd03f4f9
5 1 0 100 781fe19
5 1 0 101 e831e7f5
5 1 0 102 d7f95507
5 1 0 103 d7daa881
5 1 0 104 3ffb08da
5 1 0 105 eb5bb94a
5 1 0 106 27818410
5 1 0 107 e712cb39
5 1 0 108 ea8e8f7
5 1 0 109 810913e0
5 1 0 110 99fdde3
5 1 0 111 252ce7f9
5 1 0 112 e7662b10
5 1 0 113 914e01f
5 1 0 114 feee3fb8
5 1 0 115 1960e4f2
5 1 0 116 ec0c17f6
5 1 0 117 f844cf1e
5 1 0 118 cd2ea9ad
5 1 0 119 f40ae4fd
5 1 0 120 e407180e
5 1 0 121 b606df09
5 1 0 122 e9ffd4f6
5 1 0 123 14d8e1f3
5 1 0 124 fe22230a
5 1 0 125 fa4b04ed
5 1 0 126 e1dfde15
5 1 0 127 d54acde5
5 1 0 128 e7e8e1fd
5 1 0 129 e7e77dd2
5 1 0 130 b4de5f2f
5 1 0 131 e6060306
5 1 0 132 e57fe9f5
5 1 0 133 d216dce1
5 1 0 134 7f13f4
5 1 0 135 d920d2fc
5 1 0 136 1625fdea
5 1 0 137 1d079530
5 1 0 138 a3abb7ce
5 1 0 139 f634f97f
5 1 0 140 f9fbfee5
5 1 0 141 c3b1405
5 1 0 142 d3af1e7
5 1 0 143 810af700
5 0 0 0 3310333d
5 0 0 1 22d01b00
5 0 0 2 1af00794
5 0 0 3 1b1fef2c
5 0 0 4 2ea05253
5 0 0 5 40100004
5 0 0 6 67feb02
5 0 0 7 2ae01307
5 0 0 8 1f700abe
5 0 0 9 156023e7
5 0 0 10 15e0431a
5 0 0 11 28502d38
5 0 0 12 26f04e39
5 0 0 13 13f00cf9
5 0 0 14 de02119
5 0 0 15 e801147
5 0 0 16 2bf00977
5 0 0 17 3800e97
5 0 0 18 b200f64
5 0 0 19 2affdfd7
5 0 0 20 1adfe61b
5 0 0 21 1f802851
5 0 0 22 14c010e1
5 0 0 23 355024e7
5 0 0 24 3310333d
5 0 0 25 22d01b00
5 0 0 26 1af00794
5 0 0 27 1b1fef2c
5 0 0 28 2ea05253
5 0 0 29 40100004
5 0 0 30 67feb02
5 0 0 31 2ae01307
5 0 0 32 1f700abe
5 0 0 33 156023e7
5 0 0 34 15e0431a
5 0 0 35 28502d38
5 0 0 36 26f04e39
5 0 0 37 13f00cf9
5 0 0 38 de02119
5 0 0 39 e801147
5 0 0 40 2bf00977
5 0 0 41 3800e97
5 0 0 42 b200f64
5 0 0 43 2affdfd7
5 0 0 44 1adfe61b
5 0 0 45 1f802851
5 0 0 46 14c010e1
5 0 0 47 355024e7
5 0 0 48 28003552
5 0 0 49 10501900
5 0 0 50 1d30093a
5 0 0 51 18bfd980
5 0 0 52 63e08ad9
5 0 0 53 38ffdd64
5 0 0 54 88ff6db
5 0 0 55 341024f0
5 0 0 56 1c20215a
5 0 0 57 181009e5
5 0 0 58 13f03c30
5 0 0 59 23800723
5 0 0 60 20e013e0
5 0 0 61 1a000f00
5 0 0 62 124019e1
5 0 0 63 f2016c8
5 0 0 64 b7ff947
5 0 0 65 8601e5b
5 0 0 66 a5026b8
5 0 0 67 248fdb94
5 0 0 68 1e9fe7c0
5 0 0 69 1e0000f4
5 0 0 70 3fffb00dce
5 0 0 71 2a802ebf
5 0 0 72 28003552
5 0 0 73 10501900
5 0 0 74 1d30093a
5 0 0 75 18bfd980
5 0 0 76 63e08ad9
5 0 0 77 38ffdd64
5 0 0 78 88ff6db
5 0 0 79 341024f0
5 0 0 80 1c20215a
5 0 0 81 181009e5
5 0 0 82 13f03c30
5 0 0 83 23800723
5 0 0 84 20e013e0
5 0 0 85 1a000f00
5 0 0 86 124019e1
5 0 0 87 f2016c8
5 0 0 88 b7ff947
5 0 0 89 8601e5b
5 0 0 90 a5026b8
5 0 0 91 248fdb94
5 0 0 92 1e9fe7c0
5 0 0 93 1e0000f4
5 0 0 94 3fffb00dce
5 0 0 95 2a802ebf
5 0 0 96 275017bd
5 0 0 97 20b01cdc
5 0 0 98 1770171d
5 0 0 99 1bbfe78a
5 0 0 100 2b202a35
5 0 0 101 3a2fe93e
5 0 0 102 86ff612
5 0 0 103 1df01860
5 0 0 104 3310136b
5 0 0 105 d70113f
5 0 0 106 13e03bbc
5 0 0 107 23f0189f
5 0 0 108 20d03de0
5 0 0 109 1ab0125a
5 0 0 110 4400f66
5 0 0 111 142020f5
5 0 0 112 352019cc
5 0 0 113 7400f19
5 0 0 114 ad0259b
5 0 0 115 339fdeca
5 0 0 116 25bfe887
5 0 0 117 19d01ea1
5 0 0 118 10900bfc
5 0 0 119 34001540
5 0 0 120 275017bd
5 0 0 121 20b01cdc
5 0 0 122 1770171d
5 0 0 123 1bbfe78a
5 0 0 124 2b202a35
5 0 0 125 3a2fe93e
5 0 0 126 86ff612
5 0 0 127 1df01860
5 0 0 128 3310136b
5 0 0 129 d70113f
5 0 0 130 13e03bbc
5 0 0 131 23f0189f
5 0 0 132 20d03de0
5 0 0 133 1ab0125a
5 0 0 134 4400f66
5 0 0 135 142020f5
5 0 0 136 352019cc
5 0 0 137 7400f19
5 0 0 138 ad0259b
5 0 0 139 339fdeca
5 0 0 140 25bfe887
5 0 0 141 19d01ea1
5 0 0 142 10900bfc
5 0 0 143 34001540
5 0 0 144 28b0453e
5 0 0 145 22802c3d
5 0 0 146 10d00dfc
5 0 0 147 17efe701
5 0 0 148 29903bba
5 0 0 149 375fd9a8
5 0 0 150 befeffa
5 0 0 151 31c010a0
5 0 0 152 19200f16
5 0 0 153 17e01f37
5 0 0 154 14b0413c
5 0 0 155 249002ef
5 0 0 156 23e03e38
5 0 0 157 79016de
5 0 0 158 9100651
5 0 0 159 1300082f
5 0 0 160 188018f6
5 0 0 161 4201351
5 0 0 162 b102036
5 0 0 163 11600972
5 0 0 164 3a9fd92a
5 0 0 165 1b101735
5 0 0 166 eb0098a
5 0 0 167 4e701ab2
5 0 0 168 28b0453e
5 0 0 169 22802c3d
5 0 0 170 10d00dfc
5 0 0 171 17efe701
5 0 0 172 29903bba
5 0 0 173 375fd9a8
5 0 0 174 befeffa
5 0 0 175 31c010a0
5 0 0 176 19200f16
5 0 0 177 17e01f37
5 0 0 178 14b0413c
5 0 0 179 249002ef
5 0 0 180 23e03e38
5 0 0 181 79016de
5 0 0 182 9100651
5 0 0 183 1300082f
5 0 0 184 188018f6
5 0 0 185 4201351
5 0 0 186 b102036
5 0 0 187 11600972
5 0 0 188 3a9fd92a
5 0 0 189 1b101735
5 0 0 190 eb0098a
5 0 0 191 4e701ab2
6 1 0 0 8cfe2cf8
6 1 0 1 7177f25
6 1 0 2 c1f748ea
6 1 0 3 81ec30cd
6 1 0 4 58815f4f
6 1 0 5 ef043e14
6 1 0 6 d0031c81
6 1 0 7 f02a5b16
6 1 0 8 f6fb1948
6 1 0 9 62200c23
6 1 0 10 3a51062c
6 1 0 11 7b150d19
6 1 0 12 c1e1136
6 1 0 13 8d7f4a5c
6 1 0 14 29157f2b
6 1 0 15 7f1af335
6 1 0 16 4b2e0f7f
6 1 0 17 432029f4
6 1 0 18 3306d205
6 1 0 19 7fe3cf73
6 1 0 20 95ffa00a
6 1 0 21 fffbfe7f
6 1 0 22 547feeae
6 1 0 23 530584c5
6 1 0 24 ea09e7de
6 1 0 25 9d01dcc9
6 1 0 26 66e581fe
6 1 0 27 20fd06cc
6 1 0 28 ff0c1e97
6 1 0 29 e51111c3
6 1 0 30 471d038e
6 1 0 31 7f7f7fdb
6 1 0 32 17300c81
6 1 0 33 331b12e6
6 1 0 34 423223c5
6 1 0 35 271bfe1c
6 1 0 36 39e0092a
6 1 0 37 433b0d39
6 1 0 38 6f08f6d7
6 1 0 39 32d3f8cb
6 1 0 40 e781817f
6 1 0 41 6d311826
6 1 0 42 4bf106fe
6 1 0 43 4b2e00ea
6 1 0 44 7ffffc08
6 1 0 45 f9f0e2f8
6 1 0 46 f866ef
6 1 0 47 15cedad9
6 1 0 48 1ef91300
6 1 0 49 81331c2c
6 1 0 50 6ea90d81
6 1 0 51 4ecf40f
6 1 0 52 d6c881e7
6 1 0 53 1e81e726
6 0 0 0 460108a
6 0 0 1 40ff1dd
6 0 0 2 95027a0
6 0 0 3 434fa60c
6 0 0 4 52f7748
6 0 0 5 4cfee48
6 0 0 6 df0fee51
6 0 0 7 9700536
6 0 0 8 beff7e4
6 0 0 9 a30b14b
6 0 0 10 e9f963a
6 0 0 11 3bfcce6
6 0 0 12 340740b
6 0 0 13 a2f920a
6 0 0 14 45f8242
6 0 0 15 57f6a0e
6 0 0 16 e6f6861
6 0 0 17 2660ef07
6 0 0 18 8104d42
6 0 0 19 24fcd92
6 0 0 20 db04f1f
6 0 0 21 4304e05
6 0 0 22 c1062bf
6 0 0 23 4c015b1
6 0 0 24 460108a
6 0 0 25 40ff1dd
6 0 0 26 95027a0
6 0 0 27 434fa60c
6 0 0 28 52f7748
6 0 0 29 4cfee48
6 0 0 30 df0fee51
6 0 0 31 9700536
6 0 0 32 beff7e4
6 0 0 33 a30b14b
6 0 0 34 e9f963a
6 0 0 35 3bfcce6
6 0 0 36 340740b
6 0 0 37 a2f920a
6 0 0 38 45f8242
6 0 0 39 57f6a0e
6 0 0 40 e6f6861
6 0 0 41 2660ef07
6 0 0 42 8104d42
6 0 0 43 24fcd92
6 0 0 44 db04f1f
6 0 0 45 4304e05
6 0 0 46 c1062bf
6 0 0 47 4c015b1
6 0 0 48 89029df
6 0 0 49 68ffa2a
6 0 0 50 7302b10
6 0 0 51 923fabad
6 0 0 52 25fbeac
6 0 0 53 34fef89
6 0 0 54 15d2fe81f
6 0 0 55 41007dc
6 0 0 56 c7ff7a6
6 0 0 57 4a04aac
6 0 0 58 85fbb7b
6 0 0 59 d3fe9e4
6 0 0 60 4902f87
6 0 0 61 40fd8a5
6 0 0 62 12ff077
6 0 0 63 37f8d47
6 0 0 64 17cfd911
6 0 0 65 22e12544
6 0 0 66 9401e09
6 0 0 67 24fd951
6 0 0 68 5e03cbe
6 0 0 69 2403201
6 0 0 70 3802244
6 0 0 71 38ff9a6
6 0 0 72 89029df
6 0 0 73 68ffa2a
6 0 0 74 7302b10
6 0 0 75 923fabad
6 0 0 76 25fbeac
6 0 0 77 34fef89
6 0 0 78 15d2fe81f
6 0 0 79 41007dc
6 0 0 80 c7ff7a6
6 0 0 81 4a04aac
6 0 0 82 85fbb7b
6 0 0 83 d3fe9e4
6 0 0 84 4902f87
6 0 0 85 40fd8a5
6 0 0 86 12ff077
6 0 0 87 37f8d47
6 0 0 88 17cfd911
6 0 0 89 22e12544
6 0 0 90 9401e09
6 0 0 91 24fd951
6 0 0 92 5e03cbe
6 0 0 93 2403201
6 0 0 94 3802244
6 0 0 95 38ff9a6
6 0 0 96 9d010bd
6 0 0 97 61ff986
6 0 0 98 16c04c6e
6 0 0 99 121afb95f
6 0 0 100 5cf4dcd
6 0 0 101 4afcb62
6 0 0 102 2ecafcaf5
6 0 0 103 af0086e
6 0 0 104 2900f0c
6 0 0 105 56044f2
6 0 0 106 b3fc7cc
6 0 0 107 11004b1
6 0 0 108 400871a
6 0 0 109 b5f8bc1
6 0 0 110 54f6ef0
6 0 0 111 4dfa427
6 0 0 112 4bfd150
6 0 0 113 1430be66
6 0 0 114 7c052c8
6 0 0 115 1afca2e
6 0 0 116 7d02fcd
6 0 0 117 49042ab
6 0 0 118 8704bb2
6 0 0 119 a503a59
6 0 0 120 9d010bd
6 0 0 121 61ff986
6 0 0 122 16c04c6e
6 0 0 123 121afb95f
6 0 0 124 5cf4dcd
6 0 0 125 4afcb62
6 0 0 126 2ecafcaf5
6 0 0 127 af0086e
6 0 0 128 2900f0c
6 0 0 129 56044f2
6 0 0 130 b3fc7cc
6 0 0 131 11004b1
6 0 0 132 400871a
6 0 0 133 b5f8bc1
6 0 0 134 54f6ef0
6 0 0 135 4dfa427
6 0 0 136 4bfd150
6 0 0 137 1430be66
6 0 0 138 7c052c8
6 0 0 139 1afca2e
6 0 0 140 7d02fcd
6 0 0 141 49042ab
6 0 0 142 8704bb2
6 0 0 143 a503a59
6 0 0 144 3f0280d
6 0 0 145 3fff36f
6 0 0 146 6a028df
6 0 0 147 cc2fa549
6 0 0 148 4af8de4
6 0 0 149 36febb9
6 0 0 150 f8aff9df
6 0 0 151 ac013d3
6 0 0 152 6bff844
6 0 0 153 50064a7
6 0 0 154 8cfd116
6 0 0 155 42fd20d
6 0 0 156 2c08200
6 0 0 157 73f9a51
6 0 0 158 26fe91e
6 0 0 159 24fd2dd
6 0 0 160 c2f807b
6 0 0 161 1a00aa7b
6 0 0 162 58036d4
6 0 0 163 2df8e3c
6 0 0 164 3903867
6 0 0 165 4103da8
6 0 0 166 49023de
6 0 0 167 6501386
6 0 0 168 3f0280d
6 0 0 169 3fff36f
6 0 0 170 6a028df
6 0 0 171 cc2fa549
6 0 0 172 4af8de4
6 0 0 173 36febb9
6 0 0 174 f8aff9df
6 0 0 175 ac013d3
6 0 0 176 6bff844
6 0 0 177 50064a7
6 0 0 178 8cfd116
6 0 0 179 42fd20d
6 0 0 180 2c08200
6 0 0 181 73f9a51
6 0 0 182 26fe91e
6 0 0 183 24fd2dd
6 0 0 184 c2f807b
6 0 0 185 1a00aa7b
6 0 0 186 58036d4
6 0 0 187 2df8e3c
6 0 0 188 3903867
6 0 0 189 4103da8
6 0 0 190 49023de
6 0 0 191 6501386
7 1 0 0 11ad3d1
7 1 0 1 f60c0be2
7 1 0 2 81ed06
7 1 0 3 7ffafbf8
7 1 0 4 29c50d25
7 1 0 5 1a068c81
7 1 0 6 7ffefffd
7 1 0 7 7ff9f1f6
7 1 0 8 7ffbfa0c
7 1 0 9 44137f16
7 1 0 10 32ef8f6
7 1 0 11 35f7ed81
7 1 0 12 25ec201e
7 1 0 13 bf781f7
7 1 0 14 4e445007
7 1 0 15 2f0ff0fa
7 1 0 16 d2727
7 1 0 17 e80f7f04
7 1 0 18 301f7f12
7 1 0 19 151041ff
7 1 0 20 1db0683
7 1 0 21 41fb0102
7 1 0 22 1105061b
7 1 0 23 302a8d8
7 1 0 24 ec02f910
7 1 0 25 1ffe5411
7 1 0 26 b040d04
7 1 0 27 e71cfcf6
7 1 0 28 9ddde005
7 1 0 29 4f5538dd
7 1 0 30 f913f7ff
7 1 0 31 ec10fb08
7 1 0 32 d2af610
7 1 0 33 f81d1003
7 1 0 34 d601ee70
7 1 0 35 2504ba1b
7 1 0 36 54fbd720
7 1 0 37 ef0d321d
7 1 0 38 7f1dfef5
7 1 0 39 12fd04f0
7 1 0 40 dd0dd7f0
7 1 0 41 300df890
7 1 0 42 c9f4f216
7 1 0 43 cbf1fcda
7 1 0 44 38f487f0
7 1 0 45 3207ffc2
7 1 0 46 7f03f801
7 1 0 47 520481f9
7 1 0 48 e4f3f529
7 1 0 49 f904ddf0
7 1 0 50 fbf803e9
7 1 0 51 f709fffd
7 1 0 52 81af1d3b
7 1 0 53 65e20e1c
7 1 0 54 f1e900fc
7 1 0 55 2f9fe04
7 1 0 56 2738cc2d
7 1 0 57 51972d20
7 1 0 58 1908e9d6
7 1 0 59 7c05f506
7 1 0 60 92e44d2
7 1 0 61 df5ce7f3
7 1 0 62 14bf3d72
7 1 0 63 f8f50611
7 1 0 64 2b1ce37f
7 1 0 65 f4f42f02
7 1 0 66 b5c263f8
7 1 0 67 e5077ff1
7 1 0 68 76a118fa
7 1 0 69 192c010e
7 1 0 70 141048c3
7 1 0 71 e69ffb17
7 1 0 72 1f30639
7 1 0 73 fd050d3a
7 1 0 74 504f8fc
7 1 0 75 f7f5f701
7 1 0 76 b8f62cb4
7 1 0 77 1ed0b73f
7 1 0 78 fdfdfc01
7 1 0 79 fff1effe
7 1 0 80 5ecf8f5
7 1 0 81 15cf2d05
7 1 0 82 3d5ee71c
7 1 0 83 10e020e0
7 1 0 84 1f1481
7 1 0 85 c5c47cd4
7 1 0 86 e11d083c
7 1 0 87 8106fcf5
7 1 0 88 fefda1d
7 1 0 89 fb05050d
7 1 0 90 41b36ea
7 1 0 91 3dddcc24
7 1 0 92 30081af1
7 1 0 93 bfb01eb
7 1 0 94 fdc621bc
7 1 0 95 5d9fd0f
7 1 0 96 107f0315
7 1 0 97 1c0ee1f0
7 1 0 98 cf202f5
7 1 0 99 fc02030b
7 1 0 100 e460e9b5
7 1 0 101 122ce2e3
7 1 0 102 fefdfd08
7 1 0 103 f903fcf7
7 1 0 104 d012248
7 1 0 105 1fa77109
7 1 0 106 4bed48a6
7 1 0 107 22b222c9
7 1 0 108 812f502
7 1 0 109 b501cea
7 1 0 110 289d2aff
7 1 0 111 9800fcfe
7 1 0 112 8e26416
7 1 0 113 f1cedf2d
7 1 0 114 d4c3c8fd
7 1 0 115 9f2fce0
7 1 0 116 118a4fe2
7 1 0 117 ce5270d
7 1 0 118 efd00dfc
7 1 0 119 2f41fdd0
7 1 0 120 5e3d018d
7 1 0 121 d02237f
7 1 0 122 7000406
7 1 0 123 f6120000
7 1 0 124 113b536a
7 1 0 125 33bc10c8
7 1 0 126 ff07fc06
7 1 0 127 f9ff04fb
7 1 0 128 33d03a10
7 1 0 129 3b171466
7 1 0 130 117fe904
7 1 0 131 dcfe7073
7 1 0 132 1c0bb2e2
7 1 0 133 105fad1
7 1 0 134 472ed802
7 1 0 135 8eb02fe
7 1 0 136 e3137bff
7 1 0 137 11c31606
7 1 0 138 1b10be06
7 1 0 139 fa3be202
7 1 0 140 9883dd7f
7 1 0 141 ad181fd
7 1 0 142 f89a5ca4
7 1 0 143 390f044f
7 0 0 0 297ff7e6
7 0 0 1 48af6e09
7 0 0 2 4c800078
7 0 0 3 184feb3f
7 0 0 4 6d01843
7 0 0 5 fb00851
7 0 0 6 545ff5ce
7 0 0 7 6140006b
7 0 0 8 263ff3a9
7 0 0 9 1f5fe665
7 0 0 10 12e004dc
7 0 0 11 cc00af0
7 0 0 12 242026f2
7 0 0 13 10b029f1
7 0 0 14 eeff73a
7 0 0 15 15c01df9
7 0 0 16 1fc010af
7 0 0 17 13c00796
7 0 0 18 9901a27
7 0 0 19 167ff570
7 0 0 20 71ffdc6
7 0 0 21 2b002531
7 0 0 22 18601600
7 0 0 23 9f00aeb
7 0 0 24 297ff7e6
7 0 0 25 48af6e09
7 0 0 26 4c800078
7 0 0 27 184feb3f
7 0 0 28 6d01843
7 0 0 29 fb00851
7 0 0 30 545ff5ce
7 0 0 31 6140006b
7 0 0 32 263ff3a9
7 0 0 33 1f5fe665
7 0 0 34 12e004dc
7 0 0 35 cc00af0
7 0 0 36 242026f2
7 0 0 37 10b029f1
7 0 0 38 eeff73a
7 0 0 39 15c01df9
7 0 0 40 1fc010af
7 0 0 41 13c00796
7 0 0 42 9901a27
7 0 0 43 167ff570
7 0 0 44 71ffdc6
7 0 0 45 2b002531
7 0 0 46 18601600
7 0 0 47 9f00aeb
7 0 0 48 2ab03ae3
7 0 0 49 578fa602
7 0 0 50 66f01123
7 0 0 51 184fef39
7 0 0 52 980143f
7 0 0 53 d80127d
7 0 0 54 859ff985
7 0 0 55 57ffeda1
7 0 0 56 2a1fdbd0
7 0 0 57 240fb4cc
7 0 0 58 196ff726
7 0 0 59 150ff6df
7 0 0 60 33d02302
7 0 0 61 f0036ec
7 0 0 62 3ffee018ba
7 0 0 63 1d60293d
7 0 0 64 22bff50b
7 0 0 65 13700bf1
7 0 0 66 1550294e
7 0 0 67 1c50085f
7 0 0 68 1d3ff6d6
7 0 0 69 3b50273a
7 0 0 70 2eeff597
7 0 0 71 1800215b
7 0 0 72 2ab03ae3
7 0 0 73 578fa602
7 0 0 74 66f01123
7 0 0 75 184fef39
7 0 0 76 980143f
7 0 0 77 d80127d
7 0 0 78 859ff985
7 0 0 79 57ffeda1
7 0 0 80 2a1fdbd0
7 0 0 81 240fb4cc
7 0 0 82 196ff726
7 0 0 83 150ff6df
7 0 0 84 33d02302
7 0 0 85 f0036ec
7 0 0 86 3ffee018ba
7 0 0 87 1d60293d
7 0 0 88 22bff50b
7 0 0 89 13700bf1
7 0 0 90 1550294e
7 0 0 91 1c50085f
7 0 0 92 1d3ff6d6
7 0 0 93 3b50273a
7 0 0 94 2eeff597
7 0 0 95 1800215b
7 0 0 96 215ff297
7 0 0 97 375fcdbe
7 0 0 98 59d027fb
7 0 0 99 1d1ff2f6
7 0 0 100 6601c15
7 0 0 101 180004bc
7 0 0 102 719001fc
7 0 0 103 52100181
7 0 0 104 208fe364
7 0 0 105 17bff7d5
7 0 0 106 ff015ba
7 0 0 107 e5009ae
7 0 0 108 23dff222
7 0 0 109 1cb00fe9
7 0 0 110 f8fea46
7 0 0 111 1aa0256c
7 0 0 112 17d00a4d
7 0 0 113 15c00612
7 0 0 114 e501d2e
7 0 0 115 1f600af9
7 0 0 116 fe01493
7 0 0 117 28200984
7 0 0 118 22e03475
7 0 0 119 7101182
7 0 0 120 215ff297
7 0 0 121 375fcdbe
7 0 0 122 59d027fb
7 0 0 123 1d1ff2f6
7 0 0 124 6601c15
7 0 0 125 180004bc
7 0 0 126 719001fc
7 0 0 127 52100181
7 0 0 128 208fe364
7 0 0 129 17bff7d5
7 0 0 130 ff015ba
7 0 0 131 e5009ae
7 0 0 132 23dff222
7 0 0 133 1cb00fe9
7 0 0 134 f8fea46
7 0 0 135 1aa0256c
7 0 0 136 17d00a4d
7 0 0 137 15c00612
7 0 0 138 e501d2e
7 0 0 139 1f600af9
7 0 0 140 fe01493
7 0 0 141 28200984
7 0 0 142 22e03475
7 0 0 143 7101182
7 0 0 144 2bc0167d
7 0 0 145 695f6e31
7 0 0 146 56c00633
7 0 0 147 248ff747
7 0 0 148 7801d19
7 0 0 149 11f00ed1
7 0 0 150 451ff3ea
7 0 0 151 718010d5
7 0 0 152 293ff329
7 0 0 153 19cfdde6
7 0 0 154 1d0ff7fc
7 0 0 155 15f0176d
7 0 0 156 2e10027e
7 0 0 157 9f014bc
7 0 0 158 3ff9501068
7 0 0 159 20e01830
7 0 0 160 1c20177a
7 0 0 161 18aff045
7 0 0 162 da0120b
7 0 0 163 a10090b
7 0 0 164 1a600c04
7 0 0 165 29c01401
7 0 0 166 19601280
7 0 0 167 7b00ccd
7 0 0 168 2bc0167d
7 0 0 169 695f6e31
7 0 0 170 56c00633
7 0 0 171 248ff747
7 0 0 172 7801d19
7 0 0 173 11f00ed1
7 0 0 174 451ff3ea
7 0 0 175 718010d5
7 0 0 176 293ff329
7 0 0 177 19cfdde6
7 0 0 178 1d0ff7fc
7 0 0 179 15f0176d
7 0 0 180 2e10027e
7 0 0 181 9f014bc
7 0 0 182 3ff9501068
7 0 0 183 20e01830
7 0 0 184 1c20177a
7 0 0 185 18aff045
7 0 0 186 da0120b
7 0 0 187 a10090b
7 0 0 188 1a600c04
7 0 0 189 29c01401
7 0 0 190 19601280
7 0 0 191 7b00ccd
8 1 0 0 bcf8c807
8 1 0 1 2c4681d8
8 1 0 2 1bffbc22
8 1 0 3 e0ec93e0
8 1 0 4 7f7f317f
8 1 0 5 2ae8d9a5
8 1 0 6 e2f69b1c
8 1 0 7 cefe8dab
8 1 0 8 3feb93a
8 1 0 9 e0f8eff6
8 1 0 10 db38e35a
8 1 0 11 203407f9
8 1 0 12 cfe00fe3
8 1 0 13 7f7f7f78
8 1 0 14 ebead01c
8 1 0 15 e3effef6
8 1 0 16 dc1f0181
8 1 0 17 1e8f317
8 1 0 18 ddd418fa
8 1 0 19 f2b61c03
8 1 0 20 1e810dfe
8 1 0 21 430764fc
8 1 0 22 7f367f7f
8 1 0 23 d1cf0107
8 1 0 24 13f1f303
8 1 0 25 5ede1605
8 1 0 26 f0921101
8 1 0 27 21cca4f2
8 1 0 28 58cdbfdc
8 1 0 29 54329604
8 1 0 30 56eedfdb
8 1 0 31 796227f
8 1 0 32 5b7fab20
8 1 0 33 7fa7cce1
8 1 0 34 6232d509
8 1 0 35 44468104
8 1 0 36 6320e302
8 1 0 37 5dd3ea28
8 1 0 38 6c0fe8ce
8 1 0 39 f3ff00f
8 1 0 40 e8817faf
8 1 0 41 6221db81
8 1 0 42 1f11dafc
8 1 0 43 3ffbeaee
8 1 0 44 7ff8ead8
8 1 0 45 1a61617
8 1 0 46 f9aaf9f6
8 1 0 47 f5b71c1c
8 1 0 48 df811dac
8 1 0 49 32cd817f
8 1 0 50 7fac1ceb
8 1 0 51 29a14d6
8 1 0 52 18ce1aab
8 1 0 53 f50515ad
8 0 0 0 1920020d
8 0 0 1 4400a07
8 0 0 2 16ffffcf
8 0 0 3 de2fdd41
8 0 0 4 185fe110
8 0 0 5 cc015d5
8 0 0 6 56bfe3a1
8 0 0 7 7cefde1f
8 0 0 8 27fffdc8
8 0 0 9 a7fe40c
8 0 0 10 8c0514a
8 0 0 11 c2fd6b7
8 0 0 12 c701c03
8 0 0 13 4a053c3
8 0 0 14 f20024e
8 0 0 15 124f0676
8 0 0 16 8204900
8 0 0 17 2120480d
8 0 0 18 1c700ca6
8 0 0 19 5bfe865
8 0 0 20 e60029a
8 0 0 21 118014ed
8 0 0 22 4a038e9
8 0 0 23 113ffdc2
8 0 0 24 1920020d
8 0 0 25 4400a07
8 0 0 26 16ffffcf
8 0 0 27 de2fdd41
8 0 0 28 185fe110
8 0 0 29 cc015d5
8 0 0 30 56bfe3a1
8 0 0 31 7cefde1f
8 0 0 32 27fffdc8
8 0 0 33 a7fe40c
8 0 0 34 8c0514a
8 0 0 35 c2fd6b7
8 0 0 36 c701c03
8 0 0 37 4a053c3
8 0 0 38 f20024e
8 0 0 39 124f0676
8 0 0 40 8204900
8 0 0 41 2120480d
8 0 0 42 1c700ca6
8 0 0 43 5bfe865
8 0 0 44 e60029a
8 0 0 45 118014ed
8 0 0 46 4a038e9
8 0 0 47 113ffdc2
8 0 0 48 3620047c
8 0 0 49 5d032b6
8 0 0 50 4600938
8 0 0 51 aebfebab
8 0 0 52 6affe5f
8 0 0 53 12e010f3
8 0 0 54 491fe4a2
8 0 0 55 573fe9bc
8 0 0 56 1e1ffe9a
8 0 0 57 b2ffd0c
8 0 0 58 52043cf
8 0 0 59 10800351
8 0 0 60 be02042
8 0 0 61 6106ec5
8 0 0 62 64fff6d
8 0 0 63 5ffa4e9
8 0 0 64 ac03829
8 0 0 65 16f034f6
8 0 0 66 1bb01d60
8 0 0 67 66fe07c
8 0 0 68 87026c1
8 0 0 69 bc000ad
8 0 0 70 41039ad
8 0 0 71 abff9d2
8 0 0 72 3620047c
8 0 0 73 5d032b6
8 0 0 74 4600938
8 0 0 75 aebfebab
8 0 0 76 6affe5f
8 0 0 77 12e010f3
8 0 0 78 491fe4a2
8 0 0 79 573fe9bc
8 0 0 80 1e1ffe9a
8 0 0 81 b2ffd0c
8 0 0 82 52043cf
8 0 0 83 10800351
8 0 0 84 be02042
8 0 0 85 6106ec5
8 0 0 86 64fff6d
8 0 0 87 5ffa4e9
8 0 0 88 ac03829
8 0 0 89 16f034f6
8 0 0 90 1bb01d60
8 0 0 91 66fe07c
8 0 0 92 87026c1
8 0 0 93 bc000ad
8 0 0 94 41039ad
8 0 0 95 abff9d2
8 0 0 96 1c3001fb
8 0 0 97 4702a02
8 0 0 98 16dfe3d5
8 0 0 99 2007ff1cf
8 0 0 100 10effbcb
8 0 0 101 e8009f4
8 0 0 102 b5cfde14
8 0 0 103 159ffd62d
8 0 0 104 25000138
8 0 0 105 ebfd893
8 0 0 106 6504742
8 0 0 107 76ff328
8 0 0 108 d101ac8
8 0 0 109 3502b3b
8 0 0 110 4c00fe8
8 0 0 111 d6f657a
8 0 0 112 8e0518a
8 0 0 113 14403438
8 0 0 114 150022e0
8 0 0 115 43fdfe0
8 0 0 116 b001592
8 0 0 117 11b01f9b
8 0 0 118 3d03977
8 0 0 119 14dffbc1
8 0 0 120 1c3001fb
8 0 0 121 4702a02
8 0 0 122 16dfe3d5
8 0 0 123 2007ff1cf
8 0 0 124 10effbcb
8 0 0 125 e8009f4
8 0 0 126 b5cfde14
8 0 0 127 159ffd62d
8 0 0 128 25000138
8 0 0 129 ebfd893
8 0 0 130 6504742
8 0 0 131 76ff328
8 0 0 132 d101ac8
8 0 0 133 3502b3b
8 0 0 134 4c00fe8
8 0 0 135 d6f657a
8 0 0 136 8e0518a
8 0 0 137 14403438
8 0 0 138 150022e0
8 0 0 139 43fdfe0
8 0 0 140 b001592
8 0 0 141 11b01f9b
8 0 0 142 3d03977
8 0 0 143 14dffbc1
8 0 0 144 d1ffe6b
8 0 0 145 3c02711
8 0 0 146 f3ff0c1
8 0 0 147 5aefe79b
8 0 0 148 138fee1e
8 0 0 149 fa012f3
8 0 0 150 407ffc33
8 0 0 151 821fdcc1
8 0 0 152 1a0ffbb6
8 0 0 153 f0ff2c0
8 0 0 154 5403cdb
8 0 0 155 76ff215
8 0 0 156 96015c0
8 0 0 157 4a03912
8 0 0 158 850030a
8 0 0 159 65fcdfd
8 0 0 160 8e03822
8 0 0 161 14b032ce
8 0 0 162 fa00c6f
8 0 0 163 80fbb6d
8 0 0 164 5802428
8 0 0 165 13c002e1
8 0 0 166 4704a3e
8 0 0 167 123ff03d
8 0 0 168 d1ffe6b
8 0 0 169 3c02711
8 0 0 170 f3ff0c1
8 0 0 171 5aefe79b
8 0 0 172 138fee1e
8 0 0 173 fa012f3
8 0 0 174 407ffc33
8 0 0 175 821fdcc1
8 0 0 176 1a0ffbb6
8 0 0 177 f0ff2c0
8 0 0 178 5403cdb
8 0 0 179 76ff215
8 0 0 180 96015c0
8 0 0 181 4a03912
8 0 0 182 850030a
8 0 0 183 65fcdfd
8 0 0 184 8e03822
8 0 0 185 14b032ce
8 0 0 186 fa00c6f
8 0 0 187 80fbb6d
8 0 0 188 5802428
8 0 0 189 13c002e1
8 0 0 190 4704a3e
8 0 0 191 123ff03d
9 1 0 0 30c13f0
9 1 0 1 fb0181e1
9 1 0 2 17ff800
9 1 0 3 50e101f3
9 1 0 4 fbec4b1f
9 1 0 5 f6e3e9f5
9 1 0 6 7ff3f6ee
9 1 0 7 7afe0302
9 1 0 8 7f000dff
9 1 0 9 1e53622
9 1 0 10 120ad800
9 1 0 11 fa0602
9 1 0 12 ff1a19fd
9 1 0 13 c414fe0f
9 1 0 14 b5f3fb12
9 1 0 15 20fff0fe
9 1 0 16 fffe6123
9 1 0 17 e6f0f6f9
9 1 0 18 e50313d8
9 1 0 19 1208f50f
9 1 0 20 4010a81
9 1 0 21 f7161afc
9 1 0 22 f305def4
9 1 0 23 217f1
9 1 0 24 24ebe3d9
9 1 0 25 2cf4db1a
9 1 0 26 714fce9
9 1 0 27 6a7ffe0f
9 1 0 28 c38c0bee
9 1 0 29 eaf98f0a
9 1 0 30 5554fb03
9 1 0 31 7f6f00ec
9 1 0 32 6b5ff208
9 1 0 33 5d7fcbc6
9 1 0 34 57420422
9 1 0 35 fb010c10
9 1 0 36 101fc06
9 1 0 37 95aaea07
9 1 0 38 535e9fef
9 1 0 39 422be90a
9 1 0 40 1002e7cc
9 1 0 41 e5f5e8d3
9 1 0 42 e8b9faf3
9 1 0 43 3fbdbdd
9 1 0 44 fc0702fb
9 1 0 45 fd0dc17f
9 1 0 46 4d28f437
9 1 0 47 12030c0e
9 1 0 48 ede61216
9 1 0 49 4cfff1c
9 1 0 50 f6ff11f3
9 1 0 51 f7f7d1e6
9 1 0 52 ffa313ee
9 1 0 53 3408b6d9
9 1 0 54 ff04d7f3
9 1 0 55 f6f6f8fc
9 1 0 56 a06fcc6
9 1 0 57 1cecd1c
9 1 0 58 4b009811
9 1 0 59 49fd19ec
9 1 0 60 f907ff01
9 1 0 61 27fff615
9 1 0 62 280cf52c
9 1 0 63 5dd20fb
9 1 0 64 19bed593
9 1 0 65 edf509e1
9 1 0 66 61acd09
9 1 0 67 18db0541
9 1 0 68 803fafc
9 1 0 69 ee1213c2
9 1 0 70 4790801
9 1 0 71 e610da03
9 1 0 72 ee1b00da
9 1 0 73 25e3eacf
9 1 0 74 f4f3fae0
9 1 0 75 270606bc
9 1 0 76 3700c70d
9 1 0 77 ec35dfd8
9 1 0 78 f5fa04f2
9 1 0 79 f9f815f6
9 1 0 80 5fd01ff
9 1 0 81 effcefa
9 1 0 82 d70ad1ef
9 1 0 83 14f8fa00
9 1 0 84 ece605a3
9 1 0 85 f6f18109
9 1 0 86 7eb7fde
9 1 0 87 d2001ef2
9 1 0 88 e83ab07f
9 1 0 89 f602fde3
9 1 0 90 f50b1ede
9 1 0 91 81042d0c
9 1 0 92 5ff01fa
9 1 0 93 9fe07b4
9 1 0 94 1116d3bd
9 1 0 95 fff9f0f6
9 1 0 96 fc57157b
9 1 0 97 f1b647fe
9 1 0 98 fadff6eb
9 1 0 99 1a0eea12
9 1 0 100 f9212920
9 1 0 101 20f1ff5d
9 1 0 102 400e4fc
9 1 0 103 f70c0f10
9 1 0 104 fc09f607
9 1 0 105 80056e2
9 1 0 106 fc1d7fe7
9 1 0 107 f9e61c03
9 1 0 108 fe060e00
9 1 0 109 c0ff30f
9 1 0 110 a9fdd8e8
9 1 0 111 7f08c0ea
9 1 0 112 340ade5d
9 1 0 113 fc10705
9 1 0 114 f6cfb8ce
9 1 0 115 7f51dfc
9 1 0 116 3ff02fb
9 1 0 117 f1c7f8d5
9 1 0 118 af8ab07
9 1 0 119 f822f0de
9 1 0 120 7f05bbbe
9 1 0 121 25feecfe
9 1 0 122 f202fafd
9 1 0 123 ea281003
9 1 0 124 e57fe013
9 1 0 125 77f090b
9 1 0 126 faff03f9
9 1 0 127 d9f6fde6
9 1 0 128 f7080803
9 1 0 129 eba9fd08
9 1 0 130 2fb1ad0d
9 1 0 131 e7fade81
9 1 0 132 3812cff
9 1 0 133 ed2321e3
9 1 0 134 fecb2804
9 1 0 135 f63629f5
9 1 0 136 1ef7fdf9
9 1 0 137 f48130d5
9 1 0 138 3c81f4e6
9 1 0 139 f6a517fd
9 1 0 140 905f305
9 1 0 141 f74be9d3
9 1 0 142 af57fd1
9 1 0 143 8127101a
9 0 0 0 46eff49e
9 0 0 1 2d4ffc95
9 0 0 2 4f0ffe53
9 0 0 3 145ff84d
9 0 0 4 e900b57
9 0 0 5 1a6fff83
9 0 0 6 3bb000aa
9 0 0 7 4890086e
9 0 0 8 74eff713
9 0 0 9 318014f8
9 0 0 10 232ffffe
9 0 0 11 58900976
9 0 0 12 2d201101
9 0 0 13 29900e7c
9 0 0 14 1e7004c8
9 0 0 15 191ffa02
9 0 0 16 1ae00896
9 0 0 17 17a010da
9 0 0 18 f800af5
9 0 0 19 2d900f54
9 0 0 20 b5e006d5
9 0 0 21 28a010be
9 0 0 22 5cd011ac
9 0 0 23 26201316
9 0 0 24 46eff49e
9 0 0 25 2d4ffc95
9 0 0 26 4f0ffe53
9 0 0 27 145ff84d
9 0 0 28 e900b57
9 0 0 29 1a6fff83
9 0 0 30 3bb000aa
9 0 0 31 4890086e
9 0 0 32 74eff713
9 0 0 33 318014f8
9 0 0 34 232ffffe
9 0 0 35 58900976
9 0 0 36 2d201101
9 0 0 37 29900e7c
9 0 0 38 1e7004c8
9 0 0 39 191ffa02
9 0 0 40 1ae00896
9 0 0 41 17a010da
9 0 0 42 f800af5
9 0 0 43 2d900f54
9 0 0 44 b5e006d5
9 0 0 45 28a010be
9 0 0 46 5cd011ac
9 0 0 47 26201316
9 0 0 48 5dfff085
9 0 0 49 34c02ac3
9 0 0 50 9b400af0
9 0 0 51 1deff939
9 0 0 52 2190039c
9 0 0 53 250ffebe
9 0 0 54 52e0021a
9 0 0 55 62200ccc
9 0 0 56 697ff956
9 0 0 57 2df012a5
9 0 0 58 30100820
9 0 0 59 4e201cc8
9 0 0 60 51602e13
9 0 0 61 2b6011a4
9 0 0 62 1e0fff1e
9 0 0 63 1aeff845
9 0 0 64 22b00efd
9 0 0 65 13b00f7a
9 0 0 66 12c0197a
9 0 0 67 43c005e1
9 0 0 68 29a002fc
9 0 0 69 32e00332
9 0 0 70 69501e71
9 0 0 71 24800a8c
9 0 0 72 5dfff085
9 0 0 73 34c02ac3
9 0 0 74 9b400af0
9 0 0 75 1deff939
9 0 0 76 2190039c
9 0 0 77 250ffebe
9 0 0 78 52e0021a
9 0 0 79 62200ccc
9 0 0 80 697ff956
9 0 0 81 2df012a5
9 0 0 82 30100820
9 0 0 83 4e201cc8
9 0 0 84 51602e13
9 0 0 85 2b6011a4
9 0 0 86 1e0fff1e
9 0 0 87 1aeff845
9 0 0 88 22b00efd
9 0 0 89 13b00f7a
9 0 0 90 12c0197a
9 0 0 91 43c005e1
9 0 0 92 29a002fc
9 0 0 93 32e00332
9 0 0 94 69501e71
9 0 0 95 24800a8c
9 0 0 96 4580013a
9 0 0 97 23700303
9 0 0 98 45801018
9 0 0 99 1a3ffa1d
9 0 0 100 1d90016b
9 0 0 101 1b9ffb78
9 0 0 102 5da0071b
9 0 0 103 5bf006ae
9 0 0 104 80affef7
9 0 0 105 2be01054
9 0 0 106 2b400ab0
9 0 0 107 3f700d1a
9 0 0 108 1f500dfb
9 0 0 109 2730016a
9 0 0 110 29100633
9 0 0 111 20cff847
9 0 0 112 1ec000c1
9 0 0 113 25401513
9 0 0 114 16d014fc
9 0 0 115 2c900db3
9 0 0 116 99300538
9 0 0 117 1b5005b4
9 0 0 118 4a3ffebe
9 0 0 119 25f00961
9 0 0 120 4580013a
9 0 0 121 23700303
9 0 0 122 45801018
9 0 0 123 1a3ffa1d
9 0 0 124 1d90016b
9 0 0 125 1b9ffb78
9 0 0 126 5da0071b
9 0 0 127 5bf006ae
9 0 0 128 80affef7
9 0 0 129 2be01054
9 0 0 130 2b400ab0
9 0 0 131 3f700d1a
9 0 0 132 1f500dfb
9 0 0 133 2730016a
9 0 0 134 29100633
9 0 0 135 20cff847
9 0 0 136 1ec000c1
9 0 0 137 25401513
9 0 0 138 16d014fc
9 0 0 139 2c900db3
9 0 0 140 99300538
9 0 0 141 1b5005b4
9 0 0 142 4a3ffebe
9 0 0 143 25f00961
9 0 0 144 5a800956
9 0 0 145 3c6009d8
9 0 0 146 6e400d1f
9 0 0 147 242ffb19
9 0 0 148 1b0fff02
9 0 0 149 2380058b
9 0 0 150 27effdfc
9 0 0 151 3f400d20
9 0 0 152 64cff0de
9 0 0 153 34a01d24
9 0 0 154 2b200b84
9 0 0 155 5fc01b07
9 0 0 156 48b0274a
9 0 0 157 77ff58e
9 0 0 158 13b00c02
9 0 0 159 215fefe0
9 0 0 160 21c00053
9 0 0 161 18d01a19
9 0 0 162 13b01237
9 0 0 163 27b02458
9 0 0 164 b45fffc2
9 0 0 165 27e009e8
9 0 0 166 64c02083
9 0 0 167 25e00902
9 0 0 168 5a800956
9 0 0 169 3c6009d8
9 0 0 170 6e400d1f
9 0 0 171 242ffb19
9 0 0 172 1b0fff02
9 0 0 173 2380058b
9 0 0 174 27effdfc
9 0 0 175 3f400d20
9 0 0 176 64cff0de
9 0 0 177 34a01d24
9 0 0 178 2b200b84
9 0 0 179 5fc01b07
9 0 0 180 48b0274a
9 0 0 181 77ff58e
9 0 0 182 13b00c02
9 0 0 183 215fefe0
9 0 0 184 21c00053
9 0 0 185 18d01a19
9 0 0 186 13b01237
9 0 0 187 27b02458
9 0 0 188 b45fffc2
9 0 0 189 27e009e8
9 0 0 190 64c02083
9 0 0 191 25e00902
10 1 0 0 ebeb450d
10 1 0 1 e88eb17
10 1 0 2 fde6f6e3
10 1 0 3 641c7f25
10 1 0 4 7f7f960c
10 1 0 5 5481ace
10 1 0 6 3f18b0db
10 1 0 7 215b207f
10 1 0 8 eafb00c3
10 1 0 9 e4d1e2
10 1 0 10 1159d2
10 1 0 11 3f5f2f3
10 1 0 12 2c7f2eb0
10 1 0 13 7f677ff4
10 1 0 14 aa0784e4
10 1 0 15 2a452781
10 1 0 16 230ad1c7
10 1 0 17 d5ede5eb
10 1 0 18 e30dfe09
10 1 0 19 7f231d02
10 1 0 20 aefafefd
10 1 0 21 efbc357f
10 1 0 22 b47f7f46
10 1 0 23 7b0322f9
10 1 0 24 1511305f
10 1 0 25 e9cf03ed
10 1 0 26 ed412904
10 1 0 27 f7fdf9f3
10 1 0 28 2eefb6c
10 1 0 29 8109e98c
10 1 0 30 fef6fa0e
10 1 0 31 337f7f8e
10 1 0 32 ed39067f
10 1 0 33 e618f402
10 1 0 34 81304ef
10 1 0 35 f11af903
10 1 0 36 2c7f046
10 1 0 37 615039b
10 1 0 38 f1e4f4fe
10 1 0 39 ecd60381
10 1 0 40 7f817f1b
10 1 0 41 5cff648
10 1 0 42 a92e601
10 1 0 43 d8ef267
10 1 0 44 dec3b6
10 1 0 45 e9124700
10 1 0 46 febd7105
10 1 0 47 1bef67fb
10 1 0 48 2bd1b67d
10 1 0 49 817f8183
10 1 0 50 69c2a2fb
10 1 0 51 f5e60183
10 1 0 52 d5e5267f
10 1 0 53 3501fe02
10 0 0 0 1c71ff9ec
10 0 0 1 3599ffdbb
10 0 0 2 dbeffd22
10 0 0 3 8111ffc2b
10 0 0 4 112702a4f
10 0 0 5 26d1ffcfd
10 0 0 6 311bffb83
10 0 0 7 38c8ffbca
10 0 0 8 244dff6c0
10 0 0 9 12afff7ce
10 0 0 10 1798ffafc
10 0 0 11 22f7ffc92
10 0 0 12 5d17ffff8
10 0 0 13 5038fe951
10 0 0 14 1684ffd00
10 0 0 15 4bec03551
10 0 0 16 2fdc00869
10 0 0 17 634d00295
10 0 0 18 11e102be9
10 0 0 19 1cd2ff8d5
10 0 0 20 73ea00082
10 0 0 21 196effebe
10 0 0 22 13f00110b
10 0 0 23 2da9ffdf2
10 0 0 24 1c71ff9ec
10 0 0 25 3599ffdbb
10 0 0 26 dbeffd22
10 0 0 27 8111ffc2b
10 0 0 28 112702a4f
10 0 0 29 26d1ffcfd
10 0 0 30 311bffb83
10 0 0 31 38c8ffbca
10 0 0 32 244dff6c0
10 0 0 33 12afff7ce
10 0 0 34 1798ffafc
10 0 0 35 22f7ffc92
10 0 0 36 5d17ffff8
10 0 0 37 5038fe951
10 0 0 38 1684ffd00
10 0 0 39 4bec03551
10 0 0 40 2fdc00869
10 0 0 41 634d00295
10 0 0 42 11e102be9
10 0 0 43 1cd2ff8d5
10 0 0 44 73ea00082
10 0 0 45 196effebe
10 0 0 46 13f00110b
10 0 0 47 2da9ffdf2
10 0 0 48 2e7aff3d0
10 0 0 49 2d83ff866
10 0 0 50 19cbffae5
10 0 0 51 463affd6a
10 0 0 52 98001ebe
10 0 0 53 399bffadd
10 0 0 54 2408ffcd2
10 0 0 55 2f55ffdc3
10 0 0 56 1dbcff94a
10 0 0 57 150d00222
10 0 0 58 1553ffc3b
10 0 0 59 5aadffbc9
10 0 0 60 781b000a1
10 0 0 61 2b90ff337
10 0 0 62 17b9ff1b8
10 0 0 63 2cb9026bc
10 0 0 64 3842007b6
10 0 0 65 6514004ab
10 0 0 66 9da0220a
10 0 0 67 17ae0012f
10 0 0 68 31ce0007d
10 0 0 69 3389ffa2d
10 0 0 70 d93008b6
10 0 0 71 279bffca0
10 0 0 72 2e7aff3d0
10 0 0 73 2d83ff866
10 0 0 74 19cbffae5
10 0 0 75 463affd6a
10 0 0 76 98001ebe
10 0 0 77 399bffadd
10 0 0 78 2408ffcd2
10 0 0 79 2f55ffdc3
10 0 0 80 1dbcff94a
10 0 0 81 150d00222
10 0 0 82 1553ffc3b
10 0 0 83 5aadffbc9
10 0 0 84 781b000a1
10 0 0 85 2b90ff337
10 0 0 86 17b9ff1b8
10 0 0 87 2cb9026bc
10 0 0 88 3842007b6
10 0 0 89 6514004ab
10 0 0 90 9da0220a
10 0 0 91 17ae0012f
10 0 0 92 31ce0007d
10 0 0 93 3389ffa2d
10 0 0 94 d93008b6
10 0 0 95 279bffca0
10 0 0 96 1ce2ffba2
10 0 0 97 2fd0000e1
10 0 0 98 cf3ffc20
10 0 0 99 9e0afff5e
10 0 0 100 fc102625
10 0 0 101 2039ffdcd
10 0 0 102 37e0ffdfe
10 0 0 103 5941ffedf
10 0 0 104 260affe29
10 0 0 105 1921ff5b1
10 0 0 106 1585ff8ab
10 0 0 107 28f3ffd8e
10 0 0 108 496d00038
10 0 0 109 349cffb19
10 0 0 110 14f4ff48d
10 0 0 111 360302919
10 0 0 112 2ed50074e
10 0 0 113 414900194
10 0 0 114 ea802bf3
10 0 0 115 1ce5ff428
10 0 0 116 587200089
10 0 0 117 1e510003f
10 0 0 118 17ab0147a
10 0 0 119 5e40000f1
10 0 0 120 1ce2ffba2
10 0 0 121 2fd0000e1
10 0 0 122 cf3ffc20
10 0 0 123 9e0afff5e
10 0 0 124 fc102625
10 0 0 125 2039ffdcd
10 0 0 126 37e0ffdfe
10 0 0 127 5941ffedf
10 0 0 128 260affe29
10 0 0 129 1921ff5b1
10 0 0 130 1585ff8ab
10 0 0 131 28f3ffd8e
10 0 0 132 496d00038
10 0 0 133 349cffb19
10 0 0 134 14f4ff48d
10 0 0 135 360302919
10 0 0 136 2ed50074e
10 0 0 137 414900194
10 0 0 138 ea802bf3
10 0 0 139 1ce5ff428
10 0 0 140 587200089
10 0 0 141 1e510003f
10 0 0 142 17ab0147a
10 0 0 143 5e40000f1
10 0 0 144 187dff994
10 0 0 145 1494fff7f
10 0 0 146 14d4ff7e4
10 0 0 147 4170ff4ae
10 0 0 148 fbd02368
10 0 0 149 1e5dffcde
10 0 0 150 45aaffb96
10 0 0 151 4909ff9be
10 0 0 152 2733ff63a
10 0 0 153 14f1ff8e8
10 0 0 154 173bffdec
10 0 0 155 297bffde1
10 0 0 156 3096ffff2
10 0 0 157 47ba00038
10 0 0 158 2a54feac0
10 0 0 159 220d011cf
10 0 0 160 1fd4005c9
10 0 0 161 4bf60029f
10 0 0 162 fe402a40
10 0 0 163 21d7feafd
10 0 0 164 28e80008f
10 0 0 165 176d0001b
10 0 0 166 105000f0e
10 0 0 167 47c1ffceb
10 0 0 168 187dff994
10 0 0 169 1494fff7f
10 0 0 170 14d4ff7e4
10 0 0 171 4170ff4ae
10 0 0 172 fbd02368
10 0 0 173 1e5dffcde
10 0 0 174 45aaffb96
10 0 0 175 4909ff9be
10 0 0 176 2733ff63a
10 0 0 177 14f1ff8e8
10 0 0 178 173bffdec
10 0 0 179 297bffde1
10 0 0 180 3096ffff2
10 0 0 181 47ba00038
10 0 0 182 2a54feac0
10 0 0 183 220d011cf
10 0 0 184 1fd4005c9
10 0 0 185 4bf60029f
10 0 0 186 fe402a40
10 0 0 187 21d7feafd
10 0 0 188 28e80008f
10 0 0 189 176d0001b
10 0 0 190 105000f0e
10 0 0 191 47c1ffceb
11 1 0 0 a7fdf4e8
11 1 1 0 81f9fbb0
11 1 0 1 930303f8
11 1 1 1 81eb0e02
11 1 0 2 865806fd
11 1 1 2 9cfb0a38
11 1 0 3 9003f4f1
11 1 1 3 81f9f4e6
11 1 0 4 ba012908
11 1 1 4 a60ffdfc
11 1 0 5 81fae3f3
11 1 1 5 e806fbf1
11 1 0 6 abf9f523
11 1 1 6 f0f901f9
11 1 0 7 a7f9eefe
11 1 1 7 fe0afff8
11 1 0 8 ae810af6
11 1 1 8 d198dafc
11 1 0 9 81ae00ea
11 1 1 9 a3b2f7eb
11 1 0 10 c381f8f3
11 1 1 10 cf81de0d
11 1 0 11 ea96fbf8
11 1 1 11 ab984eea
11 1 0 12 baadf7ee
11 1 1 12 13810cef
11 1 0 13 c9a0708
11 1 1 13 9381ffee
11 1 0 14 81e7f9fc
11 1 1 14 605087f
11 1 0 15 ba81fdf0
11 1 1 15 fb0404f8
11 1 0 16 fbedf7c5
11 1 1 16 371fc6a5
11 1 0 17 17080db0
11 1 1 17 fdb7e3af
11 1 0 18 70afec8
11 1 1 18 133ee4c8
11 1 0 19 200f8bf
11 1 1 19 14ecf4a1
11 1 0 20 ff05e081
11 1 1 20 ff13cdc3
11 1 0 21 fce8e9e4
11 1 1 21 f0df9ab
11 1 0 22 d21ecd1
11 1 1 22 f4f319ff
11 1 0 23 f20cebe8
11 1 1 23 fef90b02
11 1 0 24 1a4d02f3
11 1 1 24 30a0b
11 1 0 25 20f637f1
11 1 1 25 ebf60209
11 1 0 26 fc01fc10
11 1 1 26 fdfe06
11 1 0 27 f301feda
11 1 1 27 fefc02ed
11 1 0 28 fbfe032f
11 1 1 28 f9f8ff0b
11 1 0 29 8f319f2
11 1 1 29 d30109fa
11 1 0 30 f9fdfefe
11 1 1 30 104fffc
11 1 0 31 fb000aec
11 1 1 31 1fdf901
11 1 0 32 f4000906
11 1 1 32 5ed1da5
11 1 0 33 2080ef7
11 1 1 33 15ea0ee5
11 1 0 34 dbeefc
11 1 1 34 fcdefe04
11 1 0 35 fcfbf830
11 1 1 35 fb0a06
11 1 0 36 ff37f6e8
11 1 1 36 6b3562a
11 1 0 37 3de0c1c
11 1 1 37 37140501
11 1 0 38 fede0208
11 1 1 38 2b21806
11 1 0 39 12020103
11 1 1 39 fcf1f406
11 1 0 40 ed9fc0d
11 1 1 40 f9e4f821
11 1 0 41 fbc0f2f7
11 1 1 41 fdb3e113
11 1 0 42 fcfbf9a8
11 1 1 42 eef90000
11 1 0 43 13faf481
11 1 1 43 feedfffe
11 1 0 44 f8fffd03
11 1 1 44 fadf16ff
11 1 0 45 8d7170b
11 1 1 45 e3f306
11 1 0 46 54e7faf7
11 1 1 46 3150bfa
11 1 0 47 fc0f3504
11 1 1 47 ff090781
11 0 0 0 2e81fd6c4
11 0 0 1 366401fe0
11 0 0 2 25c1037a7
11 0 0 3 1e33078d5
11 0 0 4 283d00a85
11 0 0 5 365effef0
11 0 0 6 2f4f026b8
11 0 0 7 337c01190
11 0 0 8 249100941
11 0 0 9 2f1902f74
11 0 0 10 176201d87
11 0 0 11 30000332b
11 0 0 12 42f70282c
11 0 0 13 2e53ff123
11 0 0 14 2d21008ce
11 0 0 15 8a69034e0
11 0 0 16 2e81fd6c4
11 0 0 17 366401fe0
11 0 0 18 25c1037a7
11 0 0 19 1e33078d5
11 0 0 20 283d00a85
11 0 0 21 365effef0
11 0 0 22 2f4f026b8
11 0 0 23 337c01190
11 0 0 24 249100941
11 0 0 25 2f1902f74
11 0 0 26 176201d87
11 0 0 27 30000332b
11 0 0 28 42f70282c
11 0 0 29 2e53ff123
11 0 0 30 2d21008ce
11 0 0 31 8a69034e0
11 0 0 32 35b3ff76d
11 0 0 33 3af5003ce
11 0 0 34 2c9801280
11 0 0 35 21c906723
11 0 0 36 3fc3fe575
11 0 0 37 6375ff1fd
11 0 0 38 477102e35
11 0 0 39 38d201395
11 0 0 40 54bb02338
11 0 0 41 24d200b40
11 0 0 42 396e03775
11 0 0 43 3fca02a39
11 0 0 44 636001357
11 0 0 45 30c7fe6ef
11 0 0 46 519a00b43
11 0 0 47 734a019c6
11 0 0 48 35b3ff76d
11 0 0 49 3af5003ce
11 0 0 50 2c9801280
11 0 0 51 21c906723
11 0 0 52 3fc3fe575
11 0 0 53 6375ff1fd
11 0 0 54 477102e35
11 0 0 55 38d201395
11 0 0 56 54bb02338
11 0 0 57 24d200b40
11 0 0 58 396e03775
11 0 0 59 3fca02a39
11 0 0 60 636001357
11 0 0 61 30c7fe6ef
11 0 0 62 519a00b43
11 0 0 63 734a019c6
11 0 0 64 3d3201266
11 0 0 65 2b0601d87
11 0 0 66 3c8902c33
11 0 0 67 21db0773f
11 0 0 68 3d9600f91
11 0 0 69 266d00676
11 0 0 70 31a001f97
11 0 0 71 363702baf
11 0 0 72 230701ccd
11 0 0 73 3bcf045f9
11 0 0 74 27c3030cf
11 0 0 75 4f22076bf
11 0 0 76 2d5200b2d
11 0 0 77 2c6afe92f
11 0 0 78 3b6501270
11 0 0 79 9b5701e61
11 0 0 80 3d3201266
11 0 0 81 2b0601d87
11 0 0 82 3c8902c33
11 0 0 83 21db0773f
11 0 0 84 3d9600f91
11 0 0 85 266d00676
11 0 0 86 31a001f97
11 0 0 87 363702baf
11 0 0 88 230701ccd
11 0 0 89 3bcf045f9
11 0 0 90 27c3030cf
11 0 0 91 4f22076bf
11 0 0 92 2d5200b2d
11 0 0 93 2c6afe92f
11 0 0 94 3b6501270
11 0 0 95 9b5701e61
11 0 0 96 99400338
11 0 0 97 ae300935
11 0 0 98 123a00d5c
11 0 0 99 14070484d
11 0 0 100 d0cffac5
11 0 0 101 15e3ffd1f
11 0 0 102 2e8401f49
11 0 0 103 170600cc0
11 0 0 104 134200efc
11 0 0 105 15940185b
11 0 0 106 1a01023d3
11 0 0 107 165d01758
11 0 0 108 e0000584
11 0 0 109 2a1cfe8e7
11 0 0 110 188f00961
11 0 0 111 212d0045a
11 0 0 112 99400338
11 0 0 113 ae300935
11 0 0 114 123a00d5c
11 0 0 115 14070484d
11 0 0 116 d0cffac5
11 0 0 117 15e3ffd1f
11 0 0 118 2e8401f49
11 0 0 119 170600cc0
11 0 0 120 134200efc
11 0 0 121 15940185b
11 0 0 122 1a01023d3
11 0 0 123 165d01758
11 0 0 124 e0000584
11 0 0 125 2a1cfe8e7
11 0 0 126 188f00961
11 0 0 127 212d0045a
12 1 0 0 24f4f6f1
12 1 1 0 2bfffc04
12 1 2 0 c20f403
12 1 3 0 b1aeafe
12 1 4 0 2ad70c05
12 1 5 0 11f605fe
12 1 0 1 24e8ee12
12 1 1 1 2cedf908
12 1 2 1 40d616c9
12 1 3 1 303f5f4
12 1 4 1 fedcf8bf
12 1 5 1 1e8fedf
12 1 0 2 1216aef0
12 1 1 2 faeb08f9
12 1 2 2 5100916
12 1 3 2 f716f008
12 1 4 2 907b017
12 1 5 2 1acbfc14
12 1 0 3 11f71c02
12 1 1 3 1f1fcf7
12 1 2 3 2816ba07
12 1 3 3 23e2e3f1
12 1 4 3 18cc0904
12 1 5 3 f5ecdfeb
12 1 0 4 fa11e700
12 1 1 4 dfd21fe
12 1 2 4 11130d07
12 1 3 4 f90a1001
12 1 4 4 def13f8
12 1 5 4 1ffd440a
12 1 0 5 1cf8ff04
12 1 1 5 805ff13
12 1 2 5 e7e63ce0
12 1 3 5 fbfe2bf8
12 1 4 5 e71bd1cd
12 1 5 5 20305f0
12 1 0 6 f5f040d
12 1 1 6 113fe211
12 1 2 6 ffe1806
12 1 3 6 240c0713
12 1 4 6 df5e52b
12 1 5 6 20e50303
12 1 0 7 f4dd08fa
12 1 1 7 ef7e401
12 1 2 7 46f6dfbc
12 1 3 7 1fe509f4
12 1 4 7 2ce321c8
12 1 5 7 6ee0dfb
12 1 0 8 603d0407
12 1 1 8 18452bf7
12 1 2 8 7f03ba15
12 1 3 8 1b022f16
12 1 4 8 7fae1c0d
12 1 5 8 24072408
12 1 0 9 4ddaad2a
12 1 1 9 25092813
12 1 2 9 74990ea1
12 1 3 9 1d02f2ce
12 1 4 9 35e9aec4
12 1 5 9 1c1117d4
12 1 0 10 26060d1a
12 1 1 10 4562b91b
12 1 2 10 f605391a
12 1 3 10 2810f208
12 1 4 10 20fb180d
12 1 5 10 58caa630
12 1 0 11 4fb35fc
12 1 1 11 27d7f0fb
12 1 2 11 4814b406
12 1 3 11 37e2dc01
12 1 4 11 15f15202
12 1 5 11 18f0f2db
12 1 0 12 b12f324
12 1 1 12 1bfa1a04
12 1 2 12 21450401
12 1 3 12 119e502
12 1 4 12 1bde0bfb
12 1 5 12 1ef10801
12 1 0 13 26eeef17
12 1 1 13 17f806fd
12 1 2 13 dd5eba2
12 1 3 13 fa08f5f5
12 1 4 13 4accfcad
12 1 5 13 c0b02f5
12 1 0 14 2f1ff915
12 1 1 14 15c1d31
12 1 2 14 757f0f8
12 1 3 14 333fffe4
12 1 4 14 5c0bea18
12 1 5 14 3800ea21
12 1 0 15 2dfb2719
12 1 1 15 3aebfc1b
12 1 2 15 151ce2d6
12 1 3 15 17ec0dd2
12 1 4 15 48e705b8
12 1 5 15 41d5fbbc
12 1 0 16 b0ef8fb
12 1 1 16 18f30505
12 1 2 16 1dfcd008
12 1 3 16 36200013
12 1 4 16 31f2000e
12 1 5 16 19f60905
12 1 0 17 33f6d10e
12 1 1 17 4aed1020
12 1 2 17 feee1bfe
12 1 3 17 f60702e6
12 1 4 17 1c04daee
12 1 5 17 42f1faf7
12 1 0 18 17ded301
12 1 1 18 4cd0606
12 1 2 18 49ec408
12 1 3 18 f9ea17f1
12 1 4 18 2c8bdf9
12 1 5 18 2d230e8
12 1 0 19 fef1bd06
12 1 1 19 f70f04fc
12 1 2 19 d7f3bbfc
12 1 3 19 11e30107
12 1 4 19 fcd6de17
12 1 5 19 f80704
12 1 0 20 dfe6a2f
12 1 1 20 fa3b811c
12 1 2 20 1d281e0c
12 1 3 20 f7fbe314
12 1 4 20 41b4c55
12 1 5 20 ee1d813f
12 1 0 21 5122e1f
12 1 1 21 fef0e714
12 1 2 21 1b0521e9
12 1 3 21 1ffbef0
12 1 4 21 10111609
12 1 5 21 5090131
12 1 0 22 e41616eb
12 1 1 22 29fb19f7
12 1 2 22 120c1d0b
12 1 3 22 f518000b
12 1 4 22 c4f911eb
12 1 5 22 31f74905
12 1 0 23 3e401f1
12 1 1 23 faf80d05
12 1 2 23 d9f60b00
12 1 3 23 101a2f02
12 1 4 23 3564082a
12 1 5 23 f01e13f9
12 1 0 24 e32c04d8
12 1 1 24 b4959ee
12 1 2 24 ec2303f0
12 1 3 24 f80612ef
12 1 4 24 12701d0
12 1 5 24 f0392604
12 1 0 25 f31808e5
12 1 1 25 ad9290b
12 1 2 25 151508f9
12 1 3 25 132701fa
12 1 4 25 a0d19e6
12 1 5 25 e27fbf7
12 1 0 26 35adb603
12 1 1 26 11efbedc
12 1 2 26 3fd127a4
12 1 3 26 f8c481d9
12 1 4 26 250c892e
12 1 5 26 4620dad8
12 1 0 27 5c2bfc81
12 1 1 27 f31681aa
12 1 2 27 5ab6c71d
12 1 3 27 1fe4090f
12 1 4 27 5dced58f
12 1 5 27 17d6cddc
12 1 0 28 a31f2be3
12 1 1 28 ab0802f8
12 1 2 28 a7fe1e01
12 1 3 28 7fe27b4
12 1 4 28 ddec24ed
12 1 5 28 8d001834
12 1 0 29 d10817cf
12 1 1 29 e3f657b6
12 1 2 29 3b4be018
12 1 3 29 81020901
12 1 4 29 a9e414cc
12 1 5 29 b7eb1eb7
12 1 0 30 ecde06eb
12 1 1 30 fe0a0204
12 1 2 30 a30f324
12 1 3 30 c1b1901
12 1 4 30 fb05ea06
12 1 5 30 11e600f8
12 1 0 31 d14f703
12 1 1 31 fc1618ef
12 1 2 31 3d23260e
12 1 3 31 ec1ffe02
12 1 4 31 f93922d7
12 1 5 31 f5faf3
12 1 0 32 f62706fd
12 1 1 32 f525b1e6
12 1 2 32 e2e10225
12 1 3 32 1e38d038
12 1 4 32 411f111d
12 1 5 32 e1211519
12 1 0 33 def8e41c
12 1 1 33 3400f22c
12 1 2 33 f406c409
12 1 3 33 f90ee00d
12 1 4 33 d12fae0e
12 1 5 33 f518def8
12 1 0 34 9fff310
12 1 1 34 e7eff405
12 1 2 34 b11b05ee
12 1 3 34 eff1c608
12 1 4 34 fbede0f8
12 1 5 34 c9fcdb0d
12 1 0 35 e107fa05
12 1 1 35 e602d8f6
12 1 2 35 c70312fd
12 1 3 35 3bfe05fc
12 1 4 35 f5f8f610
12 1 5 35 f5f800fb
12 1 0 36 ec440821
12 1 1 36 140ee01b
12 1 2 36 e7e3f819
12 1 3 36 dffd150e
12 1 4 36 f1302d2b
12 1 5 36 ee0efb07
12 1 0 37 ceb07
12 1 1 37 fa0506f5
12 1 2 37 ed1b270e
12 1 3 37 9e004fa
12 1 4 37 2f0a04e9
12 1 5 37 2a0df31c
12 1 0 38 82b48ca
12 1 1 38 ea7e3dc9
12 1 2 38 f1fc2abb
12 1 3 38 f2030d02
12 1 4 38 f90f5693
12 1 5 38 ff2042cc
12 1 0 39 f82420df
12 1 1 39 ff2e081a
12 1 2 39 af82fbe
12 1 3 39 dd331916
12 1 4 39 5037f919
12 1 5 39 80e1a05
12 1 0 40 fc04fc0a
12 1 1 40 1a720812
12 1 2 40 ecf7f90d
12 1 3 40 e3010fee
12 1 4 40 1b230c02
12 1 5 40 e24180c
12 1 0 41 b070a17
12 1 1 41 cef12bb
12 1 2 41 f4f916fc
12 1 3 41 d0f06df
12 1 4 41 8dc11f8
12 1 5 41 2ff6120c
12 1 0 42 c914eb81
12 1 1 42 e7e02dea
12 1 2 42 d6760cc2
12 1 3 42 fc20fe10
12 1 4 42 33e8059c
12 1 5 42 ff21f1f5
12 1 0 43 f62230fd
12 1 1 43 fcf8f80f
12 1 2 43 2a23f881
12 1 3 43 d1ddf04
12 1 4 43 1246f726
12 1 5 43 f925e50f
12 1 0 44 ae3c2607
12 1 1 44 834ae0e4
12 1 2 44 e17ef913
12 1 3 44 d74f35d9
12 1 4 44 e40f1c02
12 1 5 44 11fa3590
12 1 0 45 f6f629c8
12 1 1 45 cd0688e
12 1 2 45 5a411c0a
12 1 3 45 351532bd
12 1 4 45 d65b2c9e
12 1 5 45 fd124e81
12 1 0 46 f5e7f125
12 1 1 46 d700f4a8
12 1 2 46 32701e7
12 1 3 46 74701ee
12 1 4 46 eff902f7
12 1 5 46 f5f3e4fe
12 1 0 47 1a1bfff1
12 1 1 47 f222f420
12 1 2 47 1e20303
12 1 3 47 22fcf313
12 1 4 47 11f6d907
12 1 5 47 f4f4f111
12 1 0 48 e42ee70b
12 1 1 48 ce27020e
12 1 2 48 e725b2fb
12 1 3 48 fdf2faca
12 1 4 48 fc0907eb
12 1 5 48 10fefadf
12 1 0 49 3514fcbf
12 1 1 49 fcf800c1
12 1 2 49 5cdae813
12 1 3 49 21f2f1d2
12 1 4 49 34fb1493
12 1 5 49 1ed8fbc1
12 1 0 50 ddc1c1b
12 1 1 50 f2031696
12 1 2 50 ef0b33ba
12 1 3 50 b819fd04
12 1 4 50 16c9fffa
12 1 5 50 2ee10400
12 1 0 51 12e5eee4
12 1 1 51 1f07f10f
12 1 2 51 18fef0e4
12 1 3 51 24eef5f5
12 1 4 51 7fba1613
12 1 5 51 38011b0e
12 1 0 52 e12613e8
12 1 1 52 230df12c
12 1 2 52 ebf2fa28
12 1 3 52 21ee605
12 1 4 52 190ffc0a
12 1 5 52 3041100
12 1 0 53 f7e220fa
12 1 1 53 7fd0e0b
12 1 2 53 11fafd06
12 1 3 53 ef0308dd
12 1 4 53 f14fcd0
12 1 5 53 130e0d13
12 1 0 54 eaeb2a0d
12 1 1 54 ebf20926
12 1 2 54 1c1afbf8
12 1 3 54 31f20710
12 1 4 54 daed1a1a
12 1 5 54 f50cf90a
12 1 0 55 f3040dec
12 1 1 55 8020701
12 1 2 55 bff4180d
12 1 3 55 f50cf701
12 1 4 55 f500080d
12 1 5 55 40809f5
12 1 0 56 f6f9140b
12 1 1 56 29ddfee4
12 1 2 56 44d812eb
12 1 3 56 19f7110c
12 1 4 56 cf537fb
12 1 5 56 11d63bee
12 1 0 57 f2fbf009
12 1 1 57 d6ff0a19
12 1 2 57 312b3306
12 1 3 57 fffc0501
12 1 4 57 ff021409
12 1 5 57 e5ee08f5
12 1 0 58 19f0f5f5
12 1 1 58 ce227fe
12 1 2 58 27ff0a0a
12 1 3 58 25eefcf4
12 1 4 58 f9eeeefd
12 1 5 58 2fef702
12 1 0 59 3000efb
12 1 1 59 fc0cf5f8
12 1 2 59 f9e7d011
12 1 3 59 df20c01
12 1 4 59 fb06fff1
12 1 5 59 fffbfe0c
12 1 0 60 40011760
12 1 1 60 45fc0ce5
12 1 2 60 dde2142e
12 1 3 60 cf080306
12 1 4 60 8212f7f
12 1 5 60 11f704d9
12 1 0 61 38e21350
12 1 1 61 fe03ff07
12 1 2 61 2b3d434d
12 1 3 61 b1710fe
12 1 4 61 2ec21e5e
12 1 5 61 cea1d20
12 1 0 62 60d76ed3
12 1 1 62 2cf2550b
12 1 2 62 d8215e19
12 1 3 62 e0f043f3
12 1 4 62 ff076ad6
12 1 5 62 ef2f5407
12 1 0 63 29fb78e6
12 1 1 63 2c0258d8
12 1 2 63 e2cb40e9
12 1 3 63 c072a0a
12 1 4 63 4e0238b4
12 1 5 63 2b081afe
12 1 0 64 9fa2bf8
12 1 1 64 67d677ec
12 1 2 64 a7eb10f4
12 1 3 64 ddf23620
12 1 4 64 1e10370b
12 1 5 64 fa0b5be5
12 1 0 65 27ecfafe
12 1 1 65 28e92d05
12 1 2 65 f5284d11
12 1 3 65 e20624fc
12 1 4 65 17fd3b18
12 1 5 65 20ee2bea
12 1 0 66 f2ce0021
12 1 1 66 c6d50aeb
12 1 2 66 30ec2a77
12 1 3 66 7e711e5
12 1 4 66 18aef318
12 1 5 66 cf51213
12 1 0 67 ece60b4b
12 1 1 67 f20805e2
12 1 2 67 5cb0938
12 1 3 67 6fb0b00
12 1 4 67 ecd42d18
12 1 5 67 f91d01f4
12 1 0 68 d7c5edf4
12 1 1 68 4b70330
12 1 2 68 ffbc0fbb
12 1 3 68 30c9fb2c
12 1 4 68 21c22201
12 1 5 68 18bcf802
12 1 0 69 e2da2bf1
12 1 1 69 3c60f15
12 1 2 69 3df2070b
12 1 3 69 fff5fffa
12 1 4 69 e9a31b2f
12 1 5 69 2afff04
12 1 0 70 edd90609
12 1 1 70 ccbffb0c
12 1 2 70 43f50802
12 1 3 70 32ef34e7
12 1 4 70 11ff0bfa
12 1 5 70 fcce0b01
12 1 0 71 f7dc1bfe
12 1 1 71 ebed20f1
12 1 2 71 f00502dd
12 1 3 71 1afb0afd
12 1 4 71 2fb06f2
12 1 5 71 fdcc2209
12 0 0 0 6bf002984
12 0 0 1 57e302b25
12 0 0 2 6bbb02414
12 0 0 3 78350263a
12 0 0 4 564302a3c
12 0 0 5 652402856
12 0 0 6 6d4602c86
12 0 0 7 839102bbc
12 0 0 8 5fb0026c4
12 0 0 9 bbdf02895
12 0 0 10 5ac902ed8
12 0 0 11 99c20335f
12 0 0 12 6bf002984
12 0 0 13 57e302b25
12 0 0 14 6bbb02414
12 0 0 15 78350263a
12 0 0 16 564302a3c
12 0 0 17 652402856
12 0 0 18 6d4602c86
12 0 0 19 839102bbc
12 0 0 20 5fb0026c4
12 0 0 21 bbdf02895
12 0 0 22 5ac902ed8
12 0 0 23 99c20335f
12 0 0 24 6bf002984
12 0 0 25 57e302b25
12 0 0 26 6bbb02414
12 0 0 27 78350263a
12 0 0 28 564302a3c
12 0 0 29 652402856
12 0 0 30 6d4602c86
12 0 0 31 839102bbc
12 0 0 32 5fb0026c4
12 0 0 33 bbdf02895
12 0 0 34 5ac902ed8
12 0 0 35 99c20335f
12 0 0 36 6bf002984
12 0 0 37 57e302b25
12 0 0 38 6bbb02414
12 0 0 39 78350263a
12 0 0 40 564302a3c
12 0 0 41 652402856
12 0 0 42 6d4602c86
12 0 0 43 839102bbc
12 0 0 44 5fb0026c4
12 0 0 45 bbdf02895
12 0 0 46 5ac902ed8
12 0 0 47 99c20335f
12 0 0 48 6bf002984
12 0 0 49 57e302b25
12 0 0 50 6bbb02414
12 0 0 51 78350263a
12 0 0 52 564302a3c
12 0 0 53 652402856
12 0 0 54 6d4602c86
12 0 0 55 839102bbc
12 0 0 56 5fb0026c4
12 0 0 57 bbdf02895
12 0 0 58 5ac902ed8
12 0 0 59 99c20335f
12 0 0 60 6bf002984
12 0 0 61 57e302b25
12 0 0 62 6bbb02414
12 0 0 63 78350263a
12 0 0 64 564302a3c
12 0 0 65 652402856
12 0 0 66 6d4602c86
12 0 0 67 839102bbc
12 0 0 68 5fb0026c4
12 0 0 69 bbdf02895
12 0 0 70 5ac902ed8
12 0 0 71 99c20335f
12 0 0 72 6bf002984
12 0 0 73 57e302b25
12 0 0 74 6bbb02414
12 0 0 75 78350263a
12 0 0 76 564302a3c
12 0 0 77 652402856
12 0 0 78 6d4602c86
12 0 0 79 839102bbc
12 0 0 80 5fb0026c4
12 0 0 81 bbdf02895
12 0 0 82 5ac902ed8
12 0 0 83 99c20335f
12 0 0 84 6bf002984
12 0 0 85 57e302b25
12 0 0 86 6bbb02414
12 0 0 87 78350263a
12 0 0 88 564302a3c
12 0 0 89 652402856
12 0 0 90 6d4602c86
12 0 0 91 839102bbc
12 0 0 92 5fb0026c4
12 0 0 93 bbdf02895
12 0 0 94 5ac902ed8
12 0 0 95 99c20335f
