115806 0 1173547648 0
215776 0 3726486136 0
4294963394 4294967295 1267387178 0
4294861700 4294967295 2754405380 0
4294607131 4294967295 3955546725 0
312337 0 2696695837 0
4294729774 4294967295 3270051278 0
122079 0 1314912975 0
26179 0 590873999 0
38908 0 772375102 0
26650 0 1351989308 0
112088 0 170460454 1
4294343711 4294967295 821053997 3
111502 0 1113523476 0
134787 0 730447851 0
4294588531 4294967295 3725768307 0
4294277919 4294967295 2061360477 3
4294953797 4294967295 667324881 0
31798 0 371354724 0
4294772837 4294967295 1314007351 0
4294295272 4294967295 2135529280 2
85037 0 2535776629 0
77946 0 277465954 0
4294890166 4294967295 1520538424 0
