149517 0 1234460215 0
286980 0 4265831312 0
4294924046 4294967295 1394574148 0
4294874773 4294967295 2417212465 0
4294585784 4294967295 4285386120 0
264057 0 2083181835 0
4294711459 4294967295 3361154355 0
166020 0 1436407976 0
65240 0 599850834 0
4294962256 4294967295 630903098 0
109946 0 1759624018 0
4294786226 4294967295 133048838 1
4294415484 4294967295 2576541650 2
141714 0 1471138012 0
149748 0 758880704 0
4294563979 4294967295 4072202595 0
4294302290 4294967295 839403076 3
16222 0 614336088 0
29177 0 397140227 0
4294807527 4294967295 919524845 0
4294375912 4294967295 4057824078 1
143380 0 2356631664 0
83736 0 283683658 0
29208 0 1308509460 0
