0 1 0 0 9091806
0 1 1 0 217eaf7
0 1 2 0 2fcef1d2
0 1 0 1 2be636e8
0 1 1 1 fcf91338
0 1 2 1 9d20d02
0 1 0 2 f0cbbea8
0 1 1 2 f22e3f3
0 1 2 2 e01a1c1b
0 1 0 3 e50ff7fa
0 1 1 3 eb2a11b6
0 1 2 3 223f2618
0 1 0 4 12fcf80a
0 1 1 4 2e41080c
0 1 2 4 3ce2d232
0 1 0 5 def951d0
0 1 1 5 210dec2
0 1 2 5 13a7400f
0 1 0 6 e03d5473
0 1 1 6 622efbe3
0 1 2 6 c4272c1e
0 1 0 7 11e0b8e5
0 1 1 7 9f8b1608
0 1 2 7 162b12a1
0 1 0 8 1bfce702
0 1 1 8 2a0af713
0 1 2 8 25f0d70b
0 1 0 9 dbe926ed
0 1 1 9 250bf5d2
0 1 2 9 17de111b
0 1 0 10 49f6edd9
0 1 1 10 f4f82646
0 1 2 10 e6121dda
0 1 0 11 2bd3d0d5
0 1 1 11 30312328
0 1 2 11 e3d9f52b
0 1 0 12 edfde6ff
0 1 1 12 703c2b16
0 1 2 12 58d4a241
0 1 0 13 32ef4fdd
0 1 1 13 b0b214b
0 1 2 13 199c2ce7
0 1 0 14 16c4a3ad
0 1 1 14 b7c61d28
0 1 2 14 b4385be0
0 1 0 15 19d0aacc
0 1 1 15 bceaf814
0 1 2 15 161b17dd
0 1 0 16 54e181ab
0 1 1 16 7647467f
0 1 2 16 7bc18137
0 1 0 17 24e47fc5
0 1 1 17 7f5a3041
0 1 2 17 1a814b0e
0 1 0 18 a4727f78
0 1 1 18 322eb381
0 1 2 18 98327f2d
0 1 0 19 e3e0f4dc
0 1 1 19 d6ac81e6
0 1 2 19 c181bfec
0 1 0 20 46ebb0be
0 1 1 20 8bcb565f
0 1 2 20 62d9afdc
0 1 0 21 93f558d2
0 1 1 21 4940b081
0 1 2 21 129f32fa
0 1 0 22 19bad6d9
0 1 1 22 5a4a1923
0 1 2 22 a42d5245
0 1 0 23 e2ffe5ce
0 1 1 23 7f6899a0
0 1 2 23 ce248
0 1 0 24 100b03fe
0 1 1 24 13190ede
0 1 2 24 26dbbf12
0 1 0 25 af133e0
0 1 1 25 71bebf0
0 1 2 25 14ca0de3
0 1 0 26 3805e1fa
0 1 1 26 e9f2293d
0 1 2 26 d91149f7
0 1 0 27 14063a18
0 1 1 27 f1dcc118
0 1 2 27 e4e5e5f7
0 1 0 28 3ce8bfd5
0 1 1 28 8191332e
0 1 2 28 64ce98b8
0 1 0 29 5ddc50da
0 1 1 29 5c334368
0 1 2 29 1fa22f01
0 1 0 30 e824392e
0 1 1 30 81aaf5f6
0 1 2 30 9f2a57c5
0 1 0 31 175b7f5a
0 1 1 31 ee11a41d
0 1 2 31 fff7ed0f
0 1 0 32 4ee4c1d2
0 1 1 32 a4a83057
0 1 2 32 3bfbd0de
0 1 0 33 caf834e5
0 1 1 33 312febc2
0 1 2 33 8be0f15
0 1 0 34 f6ddede6
0 1 1 34 eee0f5e5
0 1 2 34 c50d3fe5
0 1 0 35 c32b3f60
0 1 1 35 5835dcd5
0 1 2 35 2c374805
0 0 0 0 76904930
0 0 0 1 31bfd060
0 0 0 2 15adffe23
0 0 0 3 6f50406b
0 0 0 4 f0dfd7e8
0 0 0 5 19a0007e6
0 0 0 6 58afbed5
0 0 0 7 b3f02976
0 0 0 8 1918005ef
0 0 0 9 3094fffed
0 0 0 10 1ef80008f
0 0 0 11 59afc37c
0 0 0 12 156a00a11
0 0 0 13 53d0253b
0 0 0 14 1d4500259
0 0 0 15 38da00574
0 0 0 16 76904930
0 0 0 17 31bfd060
0 0 0 18 15adffe23
0 0 0 19 6f50406b
0 0 0 20 f0dfd7e8
0 0 0 21 19a0007e6
0 0 0 22 58afbed5
0 0 0 23 b3f02976
0 0 0 24 1918005ef
0 0 0 25 3094fffed
0 0 0 26 1ef80008f
0 0 0 27 59afc37c
0 0 0 28 156a00a11
0 0 0 29 53d0253b
0 0 0 30 1d4500259
0 0 0 31 38da00574
0 0 0 32 73b03c2c
0 0 0 33 567fb994
0 0 0 34 1decff9b1
0 0 0 35 6db01fa6
0 0 0 36 836ff400
0 0 0 37 19e2004ce
0 0 0 38 2e9fdd2a
0 0 0 39 891010ed
0 0 0 40 195100311
0 0 0 41 2e89ffe5c
0 0 0 42 2487ffa6c
0 0 0 43 530fe68e
0 0 0 44 1876007c8
0 0 0 45 44301120
0 0 0 46 1e80fff56
0 0 0 47 2e5cfff40
0 0 0 48 73b03c2c
0 0 0 49 567fb994
0 0 0 50 1decff9b1
0 0 0 51 6db01fa6
0 0 0 52 836ff400
0 0 0 53 19e2004ce
0 0 0 54 2e9fdd2a
0 0 0 55 891010ed
0 0 0 56 195100311
0 0 0 57 2e89ffe5c
0 0 0 58 2487ffa6c
0 0 0 59 530fe68e
0 0 0 60 1876007c8
0 0 0 61 44301120
0 0 0 62 1e80fff56
0 0 0 63 2e5cfff40
0 0 0 64 9cb07a6c
0 0 0 65 56bfae69
0 0 0 66 13c9ffc23
0 0 0 67 37f020f6
0 0 0 68 a6bfe274
0 0 0 69 11a2002e9
0 0 0 70 605fb91c
0 0 0 71 91a020f7
0 0 0 72 16a100490
0 0 0 73 2775ffeb0
0 0 0 74 1ecdffe75
0 0 0 75 492fd13d
0 0 0 76 118a0097f
0 0 0 77 4f602433
0 0 0 78 13ff001ee
0 0 0 79 2a1a001f4
0 0 0 80 9cb07a6c
0 0 0 81 56bfae69
0 0 0 82 13c9ffc23
0 0 0 83 37f020f6
0 0 0 84 a6bfe274
0 0 0 85 11a2002e9
0 0 0 86 605fb91c
0 0 0 87 91a020f7
0 0 0 88 16a100490
0 0 0 89 2775ffeb0
0 0 0 90 1ecdffe75
0 0 0 91 492fd13d
0 0 0 92 118a0097f
0 0 0 93 4f602433
0 0 0 94 13ff001ee
0 0 0 95 2a1a001f4
1 1 0 0 11214ff
1 1 1 0 9fbe71d
1 1 2 0 1f4fd03
1 1 3 0 eaac0ce3
1 1 0 1 e7090dde
1 1 1 1 10d318e0
1 1 2 1 1afc01fe
1 1 3 1 6260c09
1 1 0 2 f7101200
1 1 1 2 212e22b
1 1 2 2 1efcef43
1 1 3 2 e131bb0c
1 1 0 3 8fd23df6
1 1 1 3 ec02f7f7
1 1 2 3 2e90a1e
1 1 3 3 41c05f1
1 1 0 4 19100cf9
1 1 1 4 7fcea28
1 1 2 4 fdfb24ee
1 1 3 4 edfa05e8
1 1 0 5 27e015ef
1 1 1 5 fe08e707
1 1 2 5 ebfcfeff
1 1 3 5 fcf0e71b
1 1 0 6 fbfe0ea7
1 1 1 6 1419b84a
1 1 2 6 fdf511f1
1 1 3 6 d5db21af
1 1 0 7 fe2be4f5
1 1 1 7 840fd40
1 1 2 7 4fa09e2
1 1 3 7 10f81501
1 1 0 8 f27f162d
1 1 1 8 fc06f9fc
1 1 2 8 1403ca58
1 1 3 8 821ec3a
1 1 0 9 ff06e4da
1 1 1 9 dd0af708
1 1 2 9 fcdf0be8
1 1 3 9 f8c5f3f6
1 1 0 10 cbe217dd
1 1 1 10 f01be5d
1 1 2 10 e3fc28e9
1 1 3 10 ee70a07
1 1 0 11 dec70201
1 1 1 11 203fffe
1 1 2 11 ee030106
1 1 3 11 cdf2ace
1 1 0 12 122be264
1 1 1 12 f916d049
1 1 2 12 f0030af7
1 1 3 12 e3073cb5
1 1 0 13 9ec32e7
1 1 1 13 16edfb
1 1 2 13 cfb0ef3
1 1 3 13 a01ef
1 1 0 14 32bf51a
1 1 1 14 f30916e4
1 1 2 14 c1358f5
1 1 3 14 d5e70721
1 1 0 15 9ed83efe
1 1 1 15 f00600fa
1 1 2 15 cf8ff03
1 1 3 15 6090d08
1 1 0 16 86ee1eb3
1 1 1 16 6facb45
1 1 2 16 f30442d2
1 1 3 16 f70f1efb
1 1 0 17 ae71614
1 1 1 17 3d9f927
1 1 2 17 18000904
1 1 3 17 cff0bf6
1 1 0 18 915e11c
1 1 1 18 ef91301
1 1 2 18 d5fc14e8
1 1 3 18 1c24b115
1 1 0 19 f015e3ff
1 1 1 19 df060dc8
1 1 2 19 50ae7f7
1 1 3 19 919dd2e
1 1 0 20 f3610524
1 1 1 20 c0ffc04
1 1 2 20 d5d558c2
1 1 3 20 150acd03
1 1 0 21 92e812ef
1 1 1 21 ad07f616
1 1 2 21 f4f006fc
1 1 3 21 edc114f3
1 1 0 22 13f114f2
1 1 1 22 fef627c4
1 1 2 22 5030bf5
1 1 3 22 1cdcfaf6
1 1 0 23 d81ec16
1 1 1 23 f9f647b7
1 1 2 23 e7fdfe02
1 1 3 23 1100b36d
1 1 0 24 cfe55282
1 1 1 24 71f0051
1 1 2 24 3ff253ad
1 1 3 24 2852ae47
1 1 0 25 f7cb0100
1 1 1 25 187fe17f
1 1 2 25 d2fa0ac8
1 1 3 25 f060205
1 1 0 26 85e0927
1 1 1 26 f8410dfa
1 1 2 26 25b6f143
1 1 3 26 e40d252
1 1 0 27 172eb2f6
1 1 1 27 2117cf4a
1 1 2 27 11cc0423
1 1 3 27 437f10a
1 1 0 28 ead22c95
1 1 1 28 f3fe6581
1 1 2 28 d7ff15ee
1 1 3 28 25cfff1b
1 1 0 29 e8e3e7b5
1 1 1 29 eb106381
1 1 2 29 11050008
1 1 3 29 d5dc4ca2
1 1 0 30 1943c64c
1 1 1 30 1afcc352
1 1 2 30 f8ef35cf
1 1 3 30 1c57cc2a
1 1 0 31 14aa30c3
1 1 1 31 f0dc32c6
1 1 2 31 e5f5ffe1
1 1 3 31 f4de18b8
1 1 0 32 b1321ce
1 1 1 32 ff3c1511
1 1 2 32 204ac62
1 1 3 32 90ffd51
1 1 0 33 dd8a1319
1 1 1 33 f708e328
1 1 2 33 efc416d9
1 1 3 33 581f60f
1 1 0 34 b8c64095
1 1 1 34 f9fd409e
1 1 2 34 270306f9
1 1 3 34 ec000d03
1 1 0 35 f0d3f61a
1 1 1 35 ec014ab7
1 1 2 35 7f060401
1 1 3 35 22b00f8
1 1 0 36 1ff9c430
1 1 1 36 6fd22db
1 1 2 36 20050fd8
1 1 3 36 f4f71318
1 1 0 37 11f4e619
1 1 1 37 e235effa
1 1 2 37 fc0804f5
1 1 3 37 e11c155
1 1 0 38 1725f31f
1 1 1 38 414f4f7
1 1 2 38 f8e0e4d4
1 1 3 38 e8dfe8e9
1 1 0 39 9dc828d4
1 1 1 39 6116f52b
1 1 2 39 f6ff0de9
1 1 3 39 e0f0408
1 1 0 40 ef144db9
1 1 1 40 202f81e
1 1 2 40 302e412
1 1 3 40 5eb0dd9
1 1 0 41 fffb161f
1 1 1 41 1743aa40
1 1 2 41 ddfe03fe
1 1 3 41 2f05987f
1 1 0 42 e5e332bd
1 1 1 42 fe01529b
1 1 2 42 7ff54fa6
1 1 3 42 f9ed2e1b
1 1 0 43 f1c12aec
1 1 1 43 1b47dc57
1 1 2 43 d20001d0
1 1 3 43 e17041a
1 1 0 44 f11318c4
1 1 1 44 f84c181c
1 1 2 44 fecc6d81
1 1 3 44 2430df7f
1 1 0 45 32eddd14
1 1 1 45 7716f343
1 1 2 45 fde3ef12
1 1 3 45 4a9ecf7
1 1 0 46 e0dd4481
1 1 1 46 4ffe535
1 1 2 46 1e02f801
1 1 3 46 1ed18fe
1 1 0 47 f5f2f5de
1 1 1 47 1368bc3d
1 1 2 47 e702020b
1 1 3 47 c8f83ab3
1 1 0 48 6190922
1 1 1 48 ef1c6181
1 1 2 48 12f731e2
1 1 3 48 faed2934
1 1 0 49 2f0fde4
1 1 1 49 fff750a9
1 1 2 49 e6f314c8
1 1 3 49 e3de6981
1 1 0 50 110efafd
1 1 1 50 ff24f622
1 1 2 50 10d9f949
1 1 3 50 10f2e45c
1 1 0 51 d4ce0a08
1 1 1 51 d500040a
1 1 2 51 12d5fd0e
1 1 3 51 fd0bf00e
1 1 0 52 d3f63e8c
1 1 1 52 4ffea32
1 1 2 52 fa01f100
1 1 3 52 f0f6f828
1 1 0 53 17f32225
1 1 1 53 1641e23e
1 1 2 53 200203ff
1 1 3 53 90b08ea
1 1 0 54 f6efd50f
1 1 1 54 5fa1d00
1 1 2 54 f5fa0406
1 1 3 54 122df902
1 1 0 55 de46de15
1 1 1 55 111cdc0d
1 1 2 55 1f02fceb
1 1 3 55 bf4ebf6
1 1 0 56 8ecf422
1 1 1 56 b06ff0b
1 1 2 56 14f23ef1
1 1 3 56 edbfe907
1 1 0 57 f0fef40f
1 1 1 57 fa08f9fe
1 1 2 57 3fb3a08
1 1 3 57 1705d8fb
1 1 0 58 d0df0d2b
1 1 1 58 1f40200
1 1 2 58 2a02ffdc
1 1 3 58 fd0730f6
1 1 0 59 1417bc07
1 1 1 59 ffdb02fb
1 1 2 59 a06fcf9
1 1 3 59 e4eb0f08
1 1 0 60 f049edfe
1 1 1 60 fad41804
1 1 2 60 fff209fe
1 1 3 60 ea5ece15
1 1 0 61 fe2194ff
1 1 1 61 ad108fd
1 1 2 61 fc1406f5
1 1 3 61 af1fefe
1 1 0 62 15f2cce7
1 1 1 62 f62bb603
1 1 2 62 1de00ff2
1 1 3 62 5d5fff1
1 1 0 63 10eae108
1 1 1 63 2cfaf3e1
1 1 2 63 fc0b0909
1 1 3 63 101f30b
1 1 0 64 f7d407ef
1 1 1 64 1bffe02
1 1 2 64 7ff5f8af
1 1 3 64 21634fa
1 1 0 65 9f6f9fb
1 1 1 65 104f500
1 1 2 65 60904fd
1 1 3 65 2ff0b04
1 1 0 66 12a24dfb
1 1 1 66 13c6fffc
1 1 2 66 2f4fb02
1 1 3 66 f440aa29
1 1 0 67 f05edfc
1 1 1 67 919d0f3
1 1 2 67 1a0404f6
1 1 3 67 152602fe
1 1 0 68 f715baf8
1 1 1 68 da18da14
1 1 2 68 e0e5ec29
1 1 3 68 130bede4
1 1 0 69 b701cbc8
1 1 1 69 f60d0500
1 1 2 69 16e80a0b
1 1 3 69 8fdfa01
1 1 0 70 ff0213fa
1 1 1 70 3e4f6fc
1 1 2 70 6f0d05ab
1 1 3 70 100ff6fa
1 1 0 71 eaf11909
1 1 1 71 fcded04
1 1 2 71 e0302fd
1 1 3 71 f1e3fa06
1 1 0 72 afcdff6
1 1 1 72 ff050f09
1 1 2 72 21fefde1
1 1 3 72 41ff0ec
1 1 0 73 545b6f2
1 1 1 73 fe571500
1 1 2 73 deff0110
1 1 3 73 11c2e3f6
1 1 0 74 2edcbfc
1 1 1 74 27faceec
1 1 2 74 20d450d1
1 1 3 74 11b0060a
1 1 0 75 edf9d9f2
1 1 1 75 32fe04e2
1 1 2 75 e0c3df7
1 1 3 75 f60ce7f8
1 1 0 76 f8da03ff
1 1 1 76 2bfd02
1 1 2 76 1703fdec
1 1 3 76 f8f91104
1 1 0 77 5fcd0fc
1 1 1 77 f225e818
1 1 2 77 a07fbf7
1 1 3 77 16d03ff3
1 1 0 78 ea710a1e
1 1 1 78 fae8fb06
1 1 2 78 722f6fb
1 1 3 78 90e11da
1 1 0 79 e7d0ab13
1 1 1 79 f7ca11e8
1 1 2 79 8111fd47
1 1 3 79 ffe407fe
1 1 0 80 6ecd1d8
1 1 1 80 f102cd0b
1 1 2 80 13d97be8
1 1 3 80 25b3f0ea
1 1 0 81 1800e319
1 1 1 81 dacd0026
1 1 2 81 4e75df2
1 1 3 81 f609d007
1 1 0 82 24d22cde
1 1 1 82 1530406
1 1 2 82 3afbf6d9
1 1 3 82 f5eb4f0e
1 1 0 83 539e3f1
1 1 1 83 ef23a81c
1 1 2 83 f4030508
1 1 3 83 ed380503
1 1 0 84 2ba7ff1
1 1 1 84 5e7f5f0
1 1 2 84 1c0805eb
1 1 3 84 f0f6bcdc
1 1 0 85 5f1a118
1 1 1 85 fd06d213
1 1 2 85 a0fd054c
1 1 3 85 fd4c13f9
1 1 0 86 e25d904
1 1 1 86 f5f0ca04
1 1 2 86 13e2f9fa
1 1 3 86 cedd1e4
1 1 0 87 ce0e29ea
1 1 1 87 1daf4ff
1 1 2 87 3373005
1 1 3 87 f30d06f3
1 1 0 88 21fe2be0
1 1 1 88 fc400206
1 1 2 88 bff01f4
1 1 3 88 8f417f5
1 1 0 89 1d60e00
1 1 1 89 71ad90d
1 1 2 89 c40e042f
1 1 3 89 f9f7e202
1 1 0 90 faec0d05
1 1 1 90 818fffe
1 1 2 90 f3090508
1 1 3 90 e3e00c0c
1 1 0 91 ff1e0602
1 1 1 91 31e20f9
1 1 2 91 ddfc0b17
1 1 3 91 9cd1af6
1 1 0 92 734e8f3
1 1 1 92 423e9f9
1 1 2 92 1228daf0
1 1 3 92 1f073cda
1 1 0 93 e916effb
1 1 1 93 bb031c28
1 1 2 93 fef61013
1 1 3 93 2eeed05
1 1 0 94 fff905f6
1 1 1 94 2f00103
1 1 2 94 c709ff2e
1 1 3 94 fe0cf5f0
1 1 0 95 f7f5f4f1
1 1 1 95 df20fe1
1 1 2 95 1701faf3
1 1 3 95 1ab62df2
1 1 0 96 b4bf600
1 1 1 96 f739eb15
1 1 2 96 e526e91a
1 1 3 96 f8bcd310
1 1 0 97 150cc6f4
1 1 1 97 ffc63de3
1 1 2 97 b803ea3c
1 1 3 97 ffe80ce9
1 1 0 98 f931e604
1 1 1 98 eff11803
1 1 2 98 f6392d11
1 1 3 98 1bf8ebe0
1 1 0 99 15e9e5ea
1 1 1 99 dcdd1338
1 1 2 99 7ff4bf1
1 1 3 99 fd00e406
1 1 0 100 27efe9ea
1 1 1 100 5e30301
1 1 2 100 d6050224
1 1 3 100 ee022204
1 1 0 101 22ed2fb
1 1 1 101 fe0721df
1 1 2 101 ef302f5
1 1 3 101 fd25f1ef
1 1 0 102 bc10df8
1 1 1 102 fd45f905
1 1 2 102 fc0ef102
1 1 3 102 1a9df503
1 1 0 103 f40bb405
1 1 1 103 6ffd816
1 1 2 103 d012f31e
1 1 3 103 556ecf8
1 1 0 104 4c4ff0f
1 1 1 104 cd0f70e
1 1 2 104 f9d03800
1 1 3 104 17c8b3eb
1 1 0 105 dbecd6ed
1 1 1 105 28ebfed3
1 1 2 105 6fe28f5
1 1 3 105 8f8eefd
1 1 0 106 e6111005
1 1 1 106 6de0400
1 1 2 106 d907fe1d
1 1 3 106 fdd16ee
1 1 0 107 c70511
1 1 1 107 3da05ef
1 1 2 107 f605ff0a
1 1 3 107 f5fffa17
1 1 0 108 ad6d710
1 1 1 108 30f1d12
1 1 2 108 4f8fe
1 1 3 108 1e2d0cf4
1 1 0 109 9d8cd19
1 1 1 109 de6d01a
1 1 2 109 edff0001
1 1 3 109 f0f8f5fc
1 1 0 110 20f4e830
1 1 1 110 110bf8fb
1 1 2 110 e4152eee
1 1 3 110 eaf6f310
1 1 0 111 2334c0ec
1 1 1 111 7fcff01
1 1 2 111 fc3611f5
1 1 3 111 f03e4f8
1 1 0 112 e6e929
1 1 1 112 fdfcffff
1 1 2 112 f4fdfd0f
1 1 3 112 8c2011b
1 1 0 113 fa1ee9e9
1 1 1 113 fe04fe11
1 1 2 113 cfdfb04
1 1 3 113 14282407
1 1 0 114 f6d2cc0a
1 1 1 114 ef3920f5
1 1 2 114 7fe0502
1 1 3 114 1c12e7d1
1 1 0 115 fecfd31b
1 1 1 115 f9fb03e8
1 1 2 115 e9f401ff
1 1 3 115 12f10cfe
1 1 0 116 f3c0acfe
1 1 1 116 f9d7da03
1 1 2 116 fe33220d
1 1 3 116 eb240910
1 1 0 117 2360145
1 1 1 117 2408fbf9
1 1 2 117 6200c05
1 1 3 117 2e919ce
1 1 0 118 600fadb
1 1 1 118 eb0001fb
1 1 2 118 13f5fa06
1 1 3 118 f4b21803
1 1 0 119 9f2bf0c
1 1 1 119 fcd3f210
1 1 2 119 4fbf900
1 1 3 119 2f3f2f4
1 1 0 120 15113da6
1 1 1 120 f261014
1 1 2 120 8f40706
1 1 3 120 13d0d3e6
1 1 0 121 b0c0ba1
1 1 1 121 7f3f225
1 1 2 121 e5f5fa0a
1 1 3 121 192714f4
1 1 0 122 f7d4ad04
1 1 1 122 10f2ceee
1 1 2 122 13f1ca2c
1 1 3 122 f60bf2de
1 1 0 123 dcf3ee2c
1 1 1 123 a0cfafa
1 1 2 123 15e5fe07
1 1 3 123 209e70b
1 1 0 124 1a29f2ec
1 1 1 124 f10201f4
1 1 2 124 fd040c09
1 1 3 124 1ee0524
1 1 0 125 f41e1bdc
1 1 1 125 12fcff0f
1 1 2 125 f2fbfefb
1 1 3 125 fffe0b0a
1 1 0 126 eae4f02a
1 1 1 126 e0a0efa
1 1 2 126 2ffa02f6
1 1 3 126 d3dcfc22
1 1 0 127 e8f8ce17
1 1 1 127 1bfcf343
1 1 2 127 fa010509
1 1 3 127 50ae1e6
1 1 0 128 998affd
1 1 1 128 fcb0d133
1 1 2 128 1f4d25f8
1 1 3 128 c0cdd5f0
1 1 0 129 1935f2f2
1 1 1 129 4efbf9f6
1 1 2 129 64433f4
1 1 3 129 7d6efc1
1 1 0 130 d80fff3d
1 1 1 130 f700fc
1 1 2 130 e705fc05
1 1 3 130 f3b1ff08
1 1 0 131 fbb6120d
1 1 1 131 2112edd7
1 1 2 131 1500fd02
1 1 3 131 54e3f2b
1 1 0 132 26c9f05a
1 1 1 132 f717f7d9
1 1 2 132 cefa12f8
1 1 3 132 ab320d96
1 1 0 133 2e2d223
1 1 1 133 cc17420a
1 1 2 133 15f908fb
1 1 3 133 ee101ef2
1 1 0 134 cfa48721
1 1 1 134 f799b431
1 1 2 134 e2213acf
1 1 3 134 edf6d816
1 1 0 135 b1cf834
1 1 1 135 e708fc03
1 1 2 135 e27f5f05
1 1 3 135 f3f5fbf5
1 1 0 136 24e203bb
1 1 1 136 1804020a
1 1 2 136 1f0100fe
1 1 3 136 d0a72c15
1 1 0 137 9f2a2ef
1 1 1 137 1c04abd5
1 1 2 137 e2fefd04
1 1 3 137 21f00640
1 1 0 138 dd135f0e
1 1 1 138 dd21f7db
1 1 2 138 aed0306
1 1 3 138 bb702e99
1 1 0 139 21c4d88b
1 1 1 139 17fee968
1 1 2 139 6f300f4
1 1 3 139 fb142223
1 1 0 140 8e5d31b
1 1 1 140 4ebb9e1
1 1 2 140 fb1f19ff
1 1 3 140 e710e41d
1 1 0 141 f68fae23
1 1 1 141 1f09fc01
1 1 2 141 142b1a07
1 1 3 141 fc91f1f3
1 1 0 142 1acee7fc
1 1 1 142 11f80406
1 1 2 142 db060502
1 1 3 142 2f92b13
1 1 0 143 1db518cf
1 1 1 143 1308dcc4
1 1 2 143 88020204
1 1 3 143 1e3f608
1 1 0 144 eb1b1d10
1 1 1 144 60e1502
1 1 2 144 eaff09f9
1 1 3 144 cddf103
1 1 0 145 e92b1432
1 1 1 145 14f82369
1 1 2 145 bf70807
1 1 3 145 f18fdee
1 1 0 146 e0c6bcdd
1 1 1 146 ffb4dd3e
1 1 2 146 c2015ec
1 1 3 146 bf07080d
1 1 0 147 312bdede
1 1 1 147 a40b0103
1 1 2 147 18000ff0
1 1 3 147 f8110806
1 1 0 148 17f902d7
1 1 1 148 1050700
1 1 2 148 f8060403
1 1 3 148 fe16071c
1 1 0 149 dafef8
1 1 1 149 f917ecfb
1 1 2 149 20fdff01
1 1 3 149 f1ea0f1f
1 1 0 150 2900042e
1 1 1 150 d16fced
1 1 2 150 930107fe
1 1 3 150 13ecb605
1 1 0 151 26091202
1 1 1 151 d41b6367
1 1 2 151 2ffbfefe
1 1 3 151 f23d20eb
1 1 0 152 16d8b8fc
1 1 1 152 fdb9c117
1 1 2 152 f634fdd4
1 1 3 152 c4abcfc0
1 1 0 153 f71e0861
1 1 1 153 81060319
1 1 2 153 ff533ef1
1 1 3 153 fcee27c9
1 1 0 154 f217f9ae
1 1 1 154 fdfd000f
1 1 2 154 e5090600
1 1 3 154 edf21600
1 1 0 155 10eae8c7
1 1 1 155 e05013c6
1 1 2 155 11fffdfd
1 1 3 155 9041139
1 1 0 156 fef53e2c
1 1 1 156 251af2eb
1 1 2 156 f9f2e907
1 1 3 156 2aefedf4
1 1 0 157 4d9d193
1 1 1 157 1bfafe72
1 1 2 157 bf6f4ee
1 1 3 157 15172042
1 1 0 158 3fbf811
1 1 1 158 2cf8e802
1 1 2 158 fef912b8
1 1 3 158 c7ddb622
1 1 0 159 ef9fa918
1 1 1 159 23070b16
1 1 2 159 f24830f3
1 1 3 159 3019b00
1 1 0 160 cb03e335
1 1 1 160 f9010309
1 1 2 160 6080302
1 1 3 160 fa111301
1 1 0 161 f6f5d3cb
1 1 1 161 e5a16e8
1 1 2 161 e20602fd
1 1 3 161 4e5ecfd
1 1 0 162 300e010e
1 1 1 162 e90d0d10
1 1 2 162 f300ee01
1 1 3 162 f61e07d4
1 1 0 163 1f2b1131
1 1 1 163 e9e41d2e
1 1 2 163 fe06fcff
1 1 3 163 e07fb04
1 1 0 164 2118f600
1 1 1 164 1bfe1a04
1 1 2 164 d9f60729
1 1 3 164 34f1d7d8
1 1 0 165 1594f2fc
1 1 1 165 4ff06f8
1 1 2 165 da0000f5
1 1 3 165 e8df02cc
1 1 0 166 1dfdf5d4
1 1 1 166 fcff0716
1 1 2 166 1fceef4
1 1 3 166 f7e5f6b2
1 1 0 167 e90613d5
1 1 1 167 1721fdfc
1 1 2 167 feff0800
1 1 3 167 ea14f5e9
1 1 0 168 ce92d27
1 1 1 168 f8e1f02e
1 1 2 168 fafcef04
1 1 3 168 fffad437
1 1 0 169 261b3c34
1 1 1 169 2618e4de
1 1 2 169 fc0afbfe
1 1 3 169 f5ee14fc
1 1 0 170 6c2ae4f1
1 1 1 170 90c1b0c
1 1 2 170 ef2410f8
1 1 3 170 260abe90
1 1 0 171 f5fdf42a
1 1 1 171 4fe1cef
1 1 2 171 d2fb0d05
1 1 3 171 f2f50b19
1 1 0 172 e3f9fde8
1 1 1 172 faf01327
1 1 2 172 7f904f4
1 1 3 172 ce11f881
1 1 0 173 97c3f0f9
1 1 1 173 1e27f9e8
1 1 2 173 7fc0102
1 1 3 173 e2f1e10b
1 1 0 174 21ffedd9
1 1 1 174 21151641
1 1 2 174 5ef07
1 1 3 174 20d368
1 1 0 175 f5c53444
1 1 1 175 fb131636
1 1 2 175 fb03f5fb
1 1 3 175 f2f620e3
1 1 0 176 40310bf7
1 1 1 176 10ef0101
1 1 2 176 1b32a5ef
1 1 3 176 f4e5af99
1 1 0 177 d281df8c
1 1 1 177 eff07fd
1 1 2 177 eafcee0e
1 1 3 177 fed201de
1 1 0 178 fefc039a
1 1 1 178 11fd181d
1 1 2 178 7fd00f6
1 1 3 178 ec23ffb7
1 1 0 179 f8eaf2c9
1 1 1 179 2210311
1 1 2 179 fe0303
1 1 3 179 ea0e03f8
1 1 0 180 18451af4
1 1 1 180 f6ef0018
1 1 2 180 1f6f501
1 1 3 180 2bbc56fc
1 1 0 181 2e6c09e5
1 1 1 181 ff721e4
1 1 2 181 4061306
1 1 3 181 100bf7f8
1 1 0 182 3c17fa16
1 1 1 182 3d7f05f1
1 1 2 182 e5d9e315
1 1 3 182 21d3e8cc
1 1 0 183 eddddd8
1 1 1 183 a010002
1 1 2 183 d5f1ff05
1 1 3 183 e7ffee10
1 1 0 184 221303c7
1 1 1 184 9f305
1 1 2 184 4fbeaf0
1 1 3 184 e81304c0
1 1 0 185 912f25e9
1 1 1 185 1002cde0
1 1 2 185 203fffe
1 1 3 185 c80a27da
1 1 0 186 e904ef09
1 1 1 186 17d7f276
1 1 2 186 b00c8ff
1 1 3 186 65815814
1 1 0 187 a8d4080d
1 1 1 187 4347cca9
1 1 2 187 3fef2f9
1 1 3 187 e0ee00ec
1 1 0 188 766ffe1f
1 1 1 188 251a0112
1 1 2 188 d7d5fa1d
1 1 3 188 bed0684
1 1 0 189 b1b023e
1 1 1 189 40507f7
1 1 2 189 cbec1cf2
1 1 3 189 16cdf2e3
1 1 0 190 16b1dab6
1 1 1 190 fb03e202
1 1 2 190 2f900f2
1 1 3 190 b71800ac
1 1 0 191 8e8300d1
1 1 1 191 15fad421
1 1 2 191 506fb07
1 1 3 191 1035d60c
1 1 0 192 1f25e4d0
1 1 1 192 1afc376b
1 1 2 192 1fad800
1 1 3 192 31c74ef7
1 1 0 193 818814fc
1 1 1 193 e5f81118
1 1 2 193 faedfcfd
1 1 3 193 fbee1f28
1 1 0 194 c23f6c9
1 1 1 194 34e7e609
1 1 2 194 de01f6e8
1 1 3 194 34728ce
1 1 0 195 a22cfbd7
1 1 1 195 8110dfc
1 1 2 195 e9ecf4ff
1 1 3 195 d32e0c07
1 1 0 196 c9cfad1
1 1 1 196 fafdf6fa
1 1 2 196 2fbf4fb
1 1 3 196 ea0f03ba
1 1 0 197 ddf9f509
1 1 1 197 ef6c420
1 1 2 197 3e207
1 1 3 197 fe9170d
1 1 0 198 f32821e1
1 1 1 198 fdfdfb0c
1 1 2 198 2fce206
1 1 3 198 fc34b325
1 1 0 199 ee3015bc
1 1 1 199 1c4617d9
1 1 2 199 fffc0f0c
1 1 3 199 be80919
1 1 0 200 300c1625
1 1 1 200 236d0dee
1 1 2 200 eddc35df
1 1 3 200 eb5fff2
1 1 0 201 d98dd898
1 1 1 201 1b05d507
1 1 2 201 daebde11
1 1 3 201 e7a6f097
1 1 0 202 39f5e293
1 1 1 202 fe00ffee
1 1 2 202 301fd03
1 1 3 202 63719ff
1 1 0 203 c5e9f0bc
1 1 1 203 49d4484c
1 1 2 203 fe0208ff
1 1 3 203 db0c1f03
1 1 0 204 d1f2f3e7
1 1 1 204 debe730
1 1 2 204 fafdbbef
1 1 3 204 d81ba7ef
1 1 0 205 b9a80cf0
1 1 1 205 2a5ce3e4
1 1 2 205 faf9fdf6
1 1 3 205 2623e712
1 1 0 206 1003ffeb
1 1 1 206 40efcbde
1 1 2 206 fdede14
1 1 3 206 4063717
1 1 0 207 2319fa5d
1 1 1 207 130be801
1 1 2 207 d0d30f0c
1 1 3 207 e90406f8
1 1 0 208 cd5f4e2
1 1 1 208 5010aeb
1 1 2 208 fffdfb03
1 1 3 208 ea0eeae7
1 1 0 209 aaad05da
1 1 1 209 5ecf626b
1 1 2 209 fe030a08
1 1 3 209 fd5efe06
1 1 0 210 2a46f2fd
1 1 1 210 7e60f0b
1 1 2 210 f4f1c9f0
1 1 3 210 bbe3ddee
1 1 0 211 aeab2a15
1 1 1 211 e2ff1710
1 1 2 211 fbf6f6f2
1 1 3 211 a2af255
1 1 0 212 ffa16dd
1 1 1 212 1505f8f1
1 1 2 212 e2e3d041
1 1 3 212 361f7fe
1 1 0 213 c8d706d0
1 1 1 213 91b0e07
1 1 2 213 e3f40c17
1 1 3 213 fdcdfeab
1 1 0 214 caf1d0f9
1 1 1 214 20000ef
1 1 2 214 2070704
1 1 3 214 f60a14f5
1 1 0 215 fceeffe6
1 1 1 215 36ea1837
1 1 2 215 405fe06
1 1 3 215 f7d7f609
1 0 0 0 32bc00c92
1 0 0 1 e7201d56
1 0 0 2 1849045dd
1 0 0 3 182b0094b
1 0 0 4 d11030ef
1 0 0 5 2621004c8
1 0 0 6 459017c7
1 0 0 7 37b702ef4
1 0 0 8 2b0f01cfa
1 0 0 9 3f6a024ba
1 0 0 10 14b7024a5
1 0 0 11 11eefffe6
1 0 0 12 10c7ff913
1 0 0 13 155a0391f
1 0 0 14 303016b8
1 0 0 15 c71007a0
1 0 0 16 cf603159
1 0 0 17 a4400b79
1 0 0 18 128a01634
1 0 0 19 42890210c
1 0 0 20 f3200ce4
1 0 0 21 254000b19
1 0 0 22 60b40361f
1 0 0 23 335801224
1 0 0 24 32bc00c92
1 0 0 25 e7201d56
1 0 0 26 1849045dd
1 0 0 27 182b0094b
1 0 0 28 d11030ef
1 0 0 29 2621004c8
1 0 0 30 459017c7
1 0 0 31 37b702ef4
1 0 0 32 2b0f01cfa
1 0 0 33 3f6a024ba
1 0 0 34 14b7024a5
1 0 0 35 11eefffe6
1 0 0 36 10c7ff913
1 0 0 37 155a0391f
1 0 0 38 303016b8
1 0 0 39 c71007a0
1 0 0 40 cf603159
1 0 0 41 a4400b79
1 0 0 42 128a01634
1 0 0 43 42890210c
1 0 0 44 f3200ce4
1 0 0 45 254000b19
1 0 0 46 60b40361f
1 0 0 47 335801224
1 0 0 48 375e021e3
1 0 0 49 120602185
1 0 0 50 167903a38
1 0 0 51 21180065d
1 0 0 52 71f0142c
1 0 0 53 284a014e2
1 0 0 54 42701030
1 0 0 55 291602e04
1 0 0 56 1bc001084
1 0 0 57 12ad01332
1 0 0 58 15f8004d6
1 0 0 59 7f800866
1 0 0 60 12a9fed13
1 0 0 61 259304953
1 0 0 62 5f100fea
1 0 0 63 9f800a49
1 0 0 64 fe003b3
1 0 0 65 2c60082a
1 0 0 66 22e0027b0
1 0 0 67 1aea01514
1 0 0 68 10d2009dd
1 0 0 69 13b100f71
1 0 0 70 39c90567a
1 0 0 71 21f1fff3d
1 0 0 72 375e021e3
1 0 0 73 120602185
1 0 0 74 167903a38
1 0 0 75 21180065d
1 0 0 76 71f0142c
1 0 0 77 284a014e2
1 0 0 78 42701030
1 0 0 79 291602e04
1 0 0 80 1bc001084
1 0 0 81 12ad01332
1 0 0 82 15f8004d6
1 0 0 83 7f800866
1 0 0 84 12a9fed13
1 0 0 85 259304953
1 0 0 86 5f100fea
1 0 0 87 9f800a49
1 0 0 88 fe003b3
1 0 0 89 2c60082a
1 0 0 90 22e0027b0
1 0 0 91 1aea01514
1 0 0 92 10d2009dd
1 0 0 93 13b100f71
1 0 0 94 39c90567a
1 0 0 95 21f1fff3d
1 0 0 96 1deb0492b
1 0 0 97 e73015b3
1 0 0 98 f0b05184
1 0 0 99 1947004fb
1 0 0 100 138b025ce
1 0 0 101 3022026cd
1 0 0 102 29a0097d
1 0 0 103 21b503607
1 0 0 104 188400d36
1 0 0 105 1c8401841
1 0 0 106 92f02a3e
1 0 0 107 56e0036a
1 0 0 108 10c5ffa7b
1 0 0 109 101b035ab
1 0 0 110 97b00995
1 0 0 111 368d01479
1 0 0 112 1e901221
1 0 0 113 1dd005ae
1 0 0 114 16f01776
1 0 0 115 23650141d
1 0 0 116 cda00aaa
1 0 0 117 11e301ed0
1 0 0 118 2dd04cbd
1 0 0 119 1c4c00961
1 0 0 120 1deb0492b
1 0 0 121 e73015b3
1 0 0 122 f0b05184
1 0 0 123 1947004fb
1 0 0 124 138b025ce
1 0 0 125 3022026cd
1 0 0 126 29a0097d
1 0 0 127 21b503607
1 0 0 128 188400d36
1 0 0 129 1c8401841
1 0 0 130 92f02a3e
1 0 0 131 56e0036a
1 0 0 132 10c5ffa7b
1 0 0 133 101b035ab
1 0 0 134 97b00995
1 0 0 135 368d01479
1 0 0 136 1e901221
1 0 0 137 1dd005ae
1 0 0 138 16f01776
1 0 0 139 23650141d
1 0 0 140 cda00aaa
1 0 0 141 11e301ed0
1 0 0 142 2dd04cbd
1 0 0 143 1c4c00961
2 1 0 0 8fcfdf9
2 1 0 1 f011ffdd
2 1 0 2 afe04a9
2 1 0 3 1a14f9f0
2 1 0 4 7f8104cd
2 1 0 5 3304fc81
2 1 0 6 b0bfde7
2 1 0 7 f7137fce
2 1 0 8 fbfffdb8
2 1 0 9 a107090b
2 1 0 10 bee6d1f0
2 1 0 11 400702fb
2 1 0 12 b1e23d04
2 1 0 13 817f7f7f
2 1 0 14 7deee0f4
2 1 0 15 a305e9f0
2 1 0 16 c5ffddf7
2 1 0 17 11040d09
2 1 0 18 304eb01
2 1 0 19 e1ecdf0
2 1 0 20 ebe633f9
2 1 0 21 faf2c107
2 1 0 22 7fc6117f
2 1 0 23 77f7f04
2 1 0 24 14ff26f9
2 1 0 25 417440d
2 1 0 26 6dd9b0e
2 1 0 27 28fffe33
2 1 0 28 5612077a
2 1 0 29 7f0304b4
2 1 0 30 6f5df2e
2 1 0 31 3bf47f58
2 1 0 32 117f0fb9
2 1 0 33 4a03f230
2 1 0 34 5dfbe67f
2 1 0 35 58fdeed2
2 1 0 36 1c0100ca
2 1 0 37 5ff8f8ad
2 1 0 38 2f90081
2 1 0 39 e400fbcd
2 1 0 40 edf00941
2 1 0 41 ad06fdff
2 1 0 42 ece3f69e
2 1 0 43 5a7f7fd8
2 1 0 44 7fe3f898
2 1 0 45 ff12fe2e
2 1 0 46 742f935
2 1 0 47 f2f1fd9c
2 1 0 48 13eeec01
2 1 0 49 7f817f81
2 1 0 50 a52cf46a
2 1 0 51 f18f905
2 1 0 52 143d0dde
2 1 0 53 16fef72b
2 0 0 0 2e1049df
2 0 0 1 7a4fdd0f
2 0 0 2 883068dc
2 0 0 3 804fff51
2 0 0 4 61fff485
2 0 0 5 182ffe1f
2 0 0 6 af00030d
2 0 0 7 14303e22
2 0 0 8 36600136
2 0 0 9 1c1ffc3b
2 0 0 10 6feff6d2
2 0 0 11 402006ec
2 0 0 12 64ffe79d
2 0 0 13 908fc98d
2 0 0 14 2b0ef2f45
2 0 0 15 c73ff2e8
2 0 0 16 e702f81
2 0 0 17 1d0cffcb5
2 0 0 18 1665ff446
2 0 0 19 290ffee7
2 0 0 20 188f008a5
2 0 0 21 47b000b8
2 0 0 22 5a2ff2dc
2 0 0 23 20000d00
2 0 0 24 2e1049df
2 0 0 25 7a4fdd0f
2 0 0 26 883068dc
2 0 0 27 804fff51
2 0 0 28 61fff485
2 0 0 29 182ffe1f
2 0 0 30 af00030d
2 0 0 31 14303e22
2 0 0 32 36600136
2 0 0 33 1c1ffc3b
2 0 0 34 6feff6d2
2 0 0 35 402006ec
2 0 0 36 64ffe79d
2 0 0 37 908fc98d
2 0 0 38 2b0ef2f45
2 0 0 39 c73ff2e8
2 0 0 40 e702f81
2 0 0 41 1d0cffcb5
2 0 0 42 1665ff446
2 0 0 43 290ffee7
2 0 0 44 188f008a5
2 0 0 45 47b000b8
2 0 0 46 5a2ff2dc
2 0 0 47 20000d00
2 0 0 48 6d012ff
2 0 0 49 7c9fd33c
2 0 0 50 65a04165
2 0 0 51 7a2ffadc
2 0 0 52 b8dfffad
2 0 0 53 42bffe96
2 0 0 54 2ad6fdf85
2 0 0 55 18803bb1
2 0 0 56 62500119
2 0 0 57 5f900357
2 0 0 58 6f101dc5
2 0 0 59 8720087e
2 0 0 60 5fcfda26
2 0 0 61 6f3fcafd
2 0 0 62 2974f673a
2 0 0 63 dfcfbefc
2 0 0 64 56601a6c
2 0 0 65 39fdfd7a7
2 0 0 66 a6f00057
2 0 0 67 2c000b8f
2 0 0 68 ea100d35
2 0 0 69 ac8fe9c5
2 0 0 70 288ffc34
2 0 0 71 39a03741
2 0 0 72 6d012ff
2 0 0 73 7c9fd33c
2 0 0 74 65a04165
2 0 0 75 7a2ffadc
2 0 0 76 b8dfffad
2 0 0 77 42bffe96
2 0 0 78 2ad6fdf85
2 0 0 79 18803bb1
2 0 0 80 62500119
2 0 0 81 5f900357
2 0 0 82 6f101dc5
2 0 0 83 8720087e
2 0 0 84 5fcfda26
2 0 0 85 6f3fcafd
2 0 0 86 2974f673a
2 0 0 87 dfcfbefc
2 0 0 88 56601a6c
2 0 0 89 39fdfd7a7
2 0 0 90 a6f00057
2 0 0 91 2c000b8f
2 0 0 92 ea100d35
2 0 0 93 ac8fe9c5
2 0 0 94 288ffc34
2 0 0 95 39a03741
2 0 0 96 860407a
2 0 0 97 591fef51
2 0 0 98 79e06182
2 0 0 99 5b7ffecf
2 0 0 100 62102b24
2 0 0 101 1a7ffc9a
2 0 0 102 2cc500c60
2 0 0 103 1f4065fa
2 0 0 104 720ff779
2 0 0 105 24200eee
2 0 0 106 cd3fd382
2 0 0 107 f2e00771
2 0 0 108 74bfd6e2
2 0 0 109 8bbfcd55
2 0 0 110 1bb0fc423
2 0 0 111 3cbfe78a
2 0 0 112 65e08c1a
2 0 0 113 591ffd469
2 0 0 114 212bfdf20
2 0 0 115 29500fac
2 0 0 116 10d601222
2 0 0 117 81ffe580
2 0 0 118 99cfd0ca
2 0 0 119 4ae0074e
2 0 0 120 860407a
2 0 0 121 591fef51
2 0 0 122 79e06182
2 0 0 123 5b7ffecf
2 0 0 124 62102b24
2 0 0 125 1a7ffc9a
2 0 0 126 2cc500c60
2 0 0 127 1f4065fa
2 0 0 128 720ff779
2 0 0 129 24200eee
2 0 0 130 cd3fd382
2 0 0 131 f2e00771
2 0 0 132 74bfd6e2
2 0 0 133 8bbfcd55
2 0 0 134 1bb0fc423
2 0 0 135 3cbfe78a
2 0 0 136 65e08c1a
2 0 0 137 591ffd469
2 0 0 138 212bfdf20
2 0 0 139 29500fac
2 0 0 140 10d601222
2 0 0 141 81ffe580
2 0 0 142 99cfd0ca
2 0 0 143 4ae0074e
3 1 0 0 ee07f70c
3 1 0 1 38f7f981
3 1 0 2 d7a6c119
3 1 0 3 8132ed32
3 1 0 4 c62ebc6
3 1 0 5 fbf4f413
3 1 0 6 de14c3f2
3 1 0 7 d64d9464
3 1 0 8 ce24e914
3 1 0 9 f034d88
3 1 0 10 25e71414
3 1 0 11 fa8111d8
3 1 0 12 f72cf403
3 1 0 13 f5b803fb
3 1 0 14 3060e03
3 1 0 15 103f4f1
3 1 0 16 be330129
3 1 0 17 ff077512
3 1 0 18 dc16f303
3 1 0 19 d1030aa5
3 1 0 20 ef22f006
3 1 0 21 1f13c8f4
3 1 0 22 c00fef7
3 1 0 23 f8ea779f
3 1 0 24 21fffe81
3 1 0 25 e1f10add
3 1 0 26 e851227f
3 1 0 27 14dc001f
3 1 0 28 d5980816
3 1 0 29 c0a7f07
3 1 0 30 e8907f2
3 1 0 31 a826028b
3 1 0 32 17a01011
3 1 0 33 f7e33181
3 1 0 34 4e0ed2d
3 1 0 35 f80af138
3 1 0 36 fb7ffa0f
3 1 0 37 e01b0410
3 1 0 38 7ff04ec
3 1 0 39 24020bdd
3 1 0 40 f81c959
3 1 0 41 50406f8
3 1 0 42 ba65d73b
3 1 0 43 d8cd3681
3 1 0 44 1b0022f0
3 1 0 45 34f9fe93
3 1 0 46 16f4fed7
3 1 0 47 56a14ff4
3 1 0 48 11eef71a
3 1 0 49 ed190dfc
3 1 0 50 a029e9fa
3 1 0 51 e9ddcdee
3 1 0 52 3299ea47
3 1 0 53 2f5fbdb
3 1 0 54 b8e5e0f9
3 1 0 55 f69d2d43
3 1 0 56 66eb4ab4
3 1 0 57 4df61999
3 1 0 58 fccdf5f6
3 1 0 59 cd00c700
3 1 0 60 f30008fb
3 1 0 61 fe07fe00
3 1 0 62 6fdfaf9
3 1 0 63 9fc097f
3 1 0 64 55dde7eb
3 1 0 65 fb03f60c
3 1 0 66 b8b826e3
3 1 0 67 79a21fde
3 1 0 68 fe7ffbd3
3 1 0 69 fc005db4
3 1 0 70 9f405fd
3 1 0 71 f6ec00c5
3 1 0 72 2329110a
3 1 0 73 120f081b
3 1 0 74 db1399f8
3 1 0 75 1cfdd875
3 1 0 76 498525ac
3 1 0 77 1602f202
3 1 0 78 6fd0e81
3 1 0 79 34100981
3 1 0 80 52f4008
3 1 0 81 c32e3f5
3 1 0 82 d97f0f07
3 1 0 83 2e2c3f4
3 1 0 84 807f8f6
3 1 0 85 6fc0df6
3 1 0 86 2100301
3 1 0 87 ed0117fb
3 1 0 88 38f6cea9
3 1 0 89 fd040b05
3 1 0 90 ed0ea381
3 1 0 91 ecdd0c01
3 1 0 92 115c202b
3 1 0 93 fa06124b
3 1 0 94 dfb06ff
3 1 0 95 2cc43425
3 1 0 96 efce6dc
3 1 0 97 f303bce9
3 1 0 98 3343892d
3 1 0 99 fae61733
3 1 0 100 13d5b3d9
3 1 0 101 70bfded
3 1 0 102 eeeecbad
3 1 0 103 9e1004b1
3 1 0 104 2050372
3 1 0 105 f3eb5875
3 1 0 106 260ef3eb
3 1 0 107 150d14f5
3 1 0 108 12defafe
3 1 0 109 fd8110fa
3 1 0 110 ed007ffc
3 1 0 111 20fb06f1
3 1 0 112 b3e4f38e
3 1 0 113 f9008105
3 1 0 114 fbe42cd0
3 1 0 115 1af8b32a
3 1 0 116 20fe00bb
3 1 0 117 2324b799
3 1 0 118 fb0709f9
3 1 0 119 e5c07f64
3 1 0 120 c307f8e7
3 1 0 121 91ae2ff
3 1 0 122 45ea3d15
3 1 0 123 1cde3ef
3 1 0 124 7f292367
3 1 0 125 140e0045
3 1 0 126 dc021d16
3 1 0 127 6504d01d
3 1 0 128 ecf6810f
3 1 0 129 d1016d3
3 1 0 130 150d06f0
3 1 0 131 d9ece4ea
3 1 0 132 21200f1
3 1 0 133 192d15f8
3 1 0 134 fbff47f3
3 1 0 135 7fd0a06
3 1 0 136 b219bf2d
3 1 0 137 3f8f801
3 1 0 138 12ffe814
3 1 0 139 f3ff010d
3 1 0 140 dc01f8f1
3 1 0 141 7ff81417
3 1 0 142 e581f8f1
3 1 0 143 b6d5c6fe
3 0 0 0 18101228
3 0 0 1 32ffac2
3 0 0 2 7e03ecf
3 0 0 3 119feacb
3 0 0 4 aeffd83
3 0 0 5 40401080
3 0 0 6 9c018e3
3 0 0 7 165021e9
3 0 0 8 20c01fed
3 0 0 9 501a7d
3 0 0 10 516ffdcf
3 0 0 11 23501501
3 0 0 12 568fed08
3 0 0 13 17603580
3 0 0 14 67ff9995
3 0 0 15 539ffe08
3 0 0 16 149026bb
3 0 0 17 1ab00ffd
3 0 0 18 fa0185e
3 0 0 19 ed024c4
3 0 0 20 20a0244d
3 0 0 21 1890458a
3 0 0 22 27d02e0d
3 0 0 23 3e00311
3 0 0 24 18101228
3 0 0 25 32ffac2
3 0 0 26 7e03ecf
3 0 0 27 119feacb
3 0 0 28 aeffd83
3 0 0 29 40401080
3 0 0 30 9c018e3
3 0 0 31 165021e9
3 0 0 32 20c01fed
3 0 0 33 501a7d
3 0 0 34 516ffdcf
3 0 0 35 23501501
3 0 0 36 568fed08
3 0 0 37 17603580
3 0 0 38 67ff9995
3 0 0 39 539ffe08
3 0 0 40 149026bb
3 0 0 41 1ab00ffd
3 0 0 42 fa0185e
3 0 0 43 ed024c4
3 0 0 44 20a0244d
3 0 0 45 1890458a
3 0 0 46 27d02e0d
3 0 0 47 3e00311
3 0 0 48 1d101be4
3 0 0 49 1b00169a
3 0 0 50 2203cae
3 0 0 51 193ffaee
3 0 0 52 5c00038
3 0 0 53 24fffcd9
3 0 0 54 5901146
3 0 0 55 ca025a1
3 0 0 56 1bb02431
3 0 0 57 11400d49
3 0 0 58 3f1007a2
3 0 0 59 1bc01543
3 0 0 60 304008ba
3 0 0 61 29d034a5
3 0 0 62 754fa9ef
3 0 0 63 2e7ff517
3 0 0 64 3f00f85
3 0 0 65 2830083b
3 0 0 66 3d0169a
3 0 0 67 cf00f2c
3 0 0 68 31c01bc3
3 0 0 69 215019e2
3 0 0 70 23f0377b
3 0 0 71 55005e1
3 0 0 72 1d101be4
3 0 0 73 1b00169a
3 0 0 74 2203cae
3 0 0 75 193ffaee
3 0 0 76 5c00038
3 0 0 77 24fffcd9
3 0 0 78 5901146
3 0 0 79 ca025a1
3 0 0 80 1bb02431
3 0 0 81 11400d49
3 0 0 82 3f1007a2
3 0 0 83 1bc01543
3 0 0 84 304008ba
3 0 0 85 29d034a5
3 0 0 86 754fa9ef
3 0 0 87 2e7ff517
3 0 0 88 3f00f85
3 0 0 89 2830083b
3 0 0 90 3d0169a
3 0 0 91 cf00f2c
3 0 0 92 31c01bc3
3 0 0 93 215019e2
3 0 0 94 23f0377b
3 0 0 95 55005e1
3 0 0 96 13a013fb
3 0 0 97 24305990
3 0 0 98 5001c8a
3 0 0 99 1a2feca9
3 0 0 100 13ffa46
3 0 0 101 27000345
3 0 0 102 1b0122a
3 0 0 103 a000fbf
3 0 0 104 ee011fe
3 0 0 105 4502469
3 0 0 106 27101169
3 0 0 107 ab01868
3 0 0 108 1e400c81
3 0 0 109 9102b24
3 0 0 110 6d8fb6f1
3 0 0 111 2d202785
3 0 0 112 1400c38
3 0 0 113 14700605
3 0 0 114 4400868
3 0 0 115 1200b1c
3 0 0 116 2da0286f
3 0 0 117 12702af5
3 0 0 118 15a02ff6
3 0 0 119 66fff6e
3 0 0 120 13a013fb
3 0 0 121 24305990
3 0 0 122 5001c8a
3 0 0 123 1a2feca9
3 0 0 124 13ffa46
3 0 0 125 27000345
3 0 0 126 1b0122a
3 0 0 127 a000fbf
3 0 0 128 ee011fe
3 0 0 129 4502469
3 0 0 130 27101169
3 0 0 131 ab01868
3 0 0 132 1e400c81
3 0 0 133 9102b24
3 0 0 134 6d8fb6f1
3 0 0 135 2d202785
3 0 0 136 1400c38
3 0 0 137 14700605
3 0 0 138 4400868
3 0 0 139 1200b1c
3 0 0 140 2da0286f
3 0 0 141 12702af5
3 0 0 142 15a02ff6
3 0 0 143 66fff6e
4 1 0 0 f9111a0c
4 1 0 1 490d000b
4 1 0 2 6011f60d
4 1 0 3 d85f190b
4 1 0 4 627fe381
4 1 0 5 7fbab0f4
4 1 0 6 ef22170c
4 1 0 7 57ee8108
4 1 0 8 61f9df0d
4 1 0 9 601208b3
4 1 0 10 7f98f1f4
4 1 0 11 23d62537
4 1 0 12 7a7fff0a
4 1 0 13 73b40181
4 1 0 14 54e17f5d
4 1 0 15 283d1454
4 1 0 16 754903c9
4 1 0 17 c3e08d5
4 1 0 18 5807fcca
4 1 0 19 671723b8
4 1 0 20 7f00ea9f
4 1 0 21 435deccf
4 1 0 22 5e7f8160
4 1 0 23 560b19b6
4 1 0 24 3def12c2
4 1 0 25 63fb0f81
4 1 0 26 6a02e9a4
4 1 0 27 602ab49
4 1 0 28 2107dd75
4 1 0 29 e6f62638
4 1 0 30 22188143
4 1 0 31 df7f627f
4 1 0 32 8d48281e
4 1 0 33 f2faf31a
4 1 0 34 81dbe63a
4 1 0 35 7103cd36
4 1 0 36 ff4befcf
4 1 0 37 e417fb4
4 1 0 38 61103e0
4 1 0 39 86bf9d7
4 1 0 40 7f142581
4 1 0 41 fee5fee3
4 1 0 42 f50cfe08
4 1 0 43 2f8116ab
4 1 0 44 4ba02e4
4 1 0 45 12f2e841
4 1 0 46 36f2f47f
4 1 0 47 22d9ef19
4 1 0 48 f4291bee
4 1 0 49 b781de62
4 1 0 50 81bc4638
4 1 0 51 dd160eed
4 1 0 52 eaf97fd7
4 1 0 53 27e11723
4 0 0 0 153c02464
4 0 0 1 2d5b049d9
4 0 0 2 cf9f83c1
4 0 0 3 3d72fd4d1
4 0 0 4 14c300c3e
4 0 0 5 10e4fe37a
4 0 0 6 281cff2bf
4 0 0 7 5e7f8aa3
4 0 0 8 312021ac
4 0 0 9 16b506408
4 0 0 10 df2fc4a2
4 0 0 11 1d3003d9
4 0 0 12 788fc90e
4 0 0 13 11c60a62d
4 0 0 14 67f00b48
4 0 0 15 58b01fbe
4 0 0 16 6d0052ff
4 0 0 17 2998005ce
4 0 0 18 14dffeb9b
4 0 0 19 147a00dde
4 0 0 20 7b2ffa69
4 0 0 21 c5dfec45
4 0 0 22 15bf093ec
4 0 0 23 f470505e
4 0 0 24 153c02464
4 0 0 25 2d5b049d9
4 0 0 26 cf9f83c1
4 0 0 27 3d72fd4d1
4 0 0 28 14c300c3e
4 0 0 29 10e4fe37a
4 0 0 30 281cff2bf
4 0 0 31 5e7f8aa3
4 0 0 32 312021ac
4 0 0 33 16b506408
4 0 0 34 df2fc4a2
4 0 0 35 1d3003d9
4 0 0 36 788fc90e
4 0 0 37 11c60a62d
4 0 0 38 67f00b48
4 0 0 39 58b01fbe
4 0 0 40 6d0052ff
4 0 0 41 2998005ce
4 0 0 42 14dffeb9b
4 0 0 43 147a00dde
4 0 0 44 7b2ffa69
4 0 0 45 c5dfec45
4 0 0 46 15bf093ec
4 0 0 47 f470505e
4 0 0 48 117c01f10
4 0 0 49 10f206c78
4 0 0 50 169df3d41
4 0 0 51 2bbefca5c
4 0 0 52 5e73028a5
4 0 0 53 af5fe5ff
4 0 0 54 5418fd5a6
4 0 0 55 594f7dc7
4 0 0 56 2b20137d
4 0 0 57 107102d3d
4 0 0 58 735ff9b8
4 0 0 59 acdfeb9d
4 0 0 60 4fcfcef4
4 0 0 61 9e807129
4 0 0 62 b71ffd5c
4 0 0 63 b9002622
4 0 0 64 198105319
4 0 0 65 230000a01
4 0 0 66 d9affd97
4 0 0 67 25d400555
4 0 0 68 5f4fd082
4 0 0 69 c4200c44
4 0 0 70 13970b4c7
4 0 0 71 1499036c1
4 0 0 72 117c01f10
4 0 0 73 10f206c78
4 0 0 74 169df3d41
4 0 0 75 2bbefca5c
4 0 0 76 5e73028a5
4 0 0 77 af5fe5ff
4 0 0 78 5418fd5a6
4 0 0 79 594f7dc7
4 0 0 80 2b20137d
4 0 0 81 107102d3d
4 0 0 82 735ff9b8
4 0 0 83 acdfeb9d
4 0 0 84 4fcfcef4
4 0 0 85 9e807129
4 0 0 86 b71ffd5c
4 0 0 87 b9002622
4 0 0 88 198105319
4 0 0 89 230000a01
4 0 0 90 d9affd97
4 0 0 91 25d400555
4 0 0 92 5f4fd082
4 0 0 93 c4200c44
4 0 0 94 13970b4c7
4 0 0 95 1499036c1
4 0 0 96 1420031d2
4 0 0 97 cdb05830
4 0 0 98 126ef97f9
4 0 0 99 1f4cfbf44
4 0 0 100 1e6400bda
4 0 0 101 bc7fd815
4 0 0 102 8b4cf9eb2
4 0 0 103 832f960e
4 0 0 104 70d043fa
4 0 0 105 19c705da2
4 0 0 106 8a5fd4b8
4 0 0 107 b0afa6b9
4 0 0 108 7e9fbb82
4 0 0 109 ffa06ff7
4 0 0 110 423ffb71
4 0 0 111 b0f048f0
4 0 0 112 12d606a8c
4 0 0 113 4a7701301
4 0 0 114 33e1fdd3a
4 0 0 115 2430fe09e
4 0 0 116 751fdacb
4 0 0 117 1376fc72d
4 0 0 118 290115003
4 0 0 119 d0203e26
4 0 0 120 1420031d2
4 0 0 121 cdb05830
4 0 0 122 126ef97f9
4 0 0 123 1f4cfbf44
4 0 0 124 1e6400bda
4 0 0 125 bc7fd815
4 0 0 126 8b4cf9eb2
4 0 0 127 832f960e
4 0 0 128 70d043fa
4 0 0 129 19c705da2
4 0 0 130 8a5fd4b8
4 0 0 131 b0afa6b9
4 0 0 132 7e9fbb82
4 0 0 133 ffa06ff7
4 0 0 134 423ffb71
4 0 0 135 b0f048f0
4 0 0 136 12d606a8c
4 0 0 137 4a7701301
4 0 0 138 33e1fdd3a
4 0 0 139 2430fe09e
4 0 0 140 751fdacb
4 0 0 141 1376fc72d
4 0 0 142 290115003
4 0 0 143 d0203e26
5 1 0 0 4f7faae
5 1 0 1 e30e05fc
5 1 0 2 f2eef718
5 1 0 3 2cb54a03
5 1 0 4 d800d670
5 1 0 5 bffeec6
5 1 0 6 811bf9da
5 1 0 7 5c4e0481
5 1 0 8 ea30c946
5 1 0 9 ceeb37e1
5 1 0 10 f87fcf
5 1 0 11 7ff81bf6
5 1 0 12 fa6cf21e
5 1 0 13 964f1ffc
5 1 0 14 e5d72804
5 1 0 15 d131fe4f
5 1 0 16 1e38d741
5 1 0 17 9c04b06
5 1 0 18 30580cf7
5 1 0 19 601fb27
5 1 0 20 db7fe1dc
5 1 0 21 f9fc0eeb
5 1 0 22 3080317
5 1 0 23 f532d2ed
5 1 0 24 f8f0eefc
5 1 0 25 9ccfbf7
5 1 0 26 201a070c
5 1 0 27 25ebc1d2
5 1 0 28 14fb81f9
5 1 0 29 51812f
5 1 0 30 1417dad0
5 1 0 31 d4ff0add
5 1 0 32 e004c920
5 1 0 33 b1d609e0
5 1 0 34 ddf937ff
5 1 0 35 ff080308
5 1 0 36 114c0009
5 1 0 37 8114deff
5 1 0 38 1e0fbea
5 1 0 39 581d170b
5 1 0 40 24a7e3d2
5 1 0 41 b4cef3a8
5 1 0 42 a15bebf7
5 1 0 43 b930ca
5 1 0 44 1af735d8
5 1 0 45 a0bf612
5 1 0 46 1cd5f401
5 1 0 47 28ecedea
5 1 0 48 18dc1102
5 1 0 49 cf6e4fd
5 1 0 50 c0f4201b
5 1 0 51 f1faf137
5 1 0 52 1f111d0d
5 1 0 53 f113fd24
5 1 0 54 37f3105d
5 1 0 55 6aef2f8
5 1 0 56 18e80c81
5 1 0 57 e0c281e0
5 1 0 58 6e31dca
5 1 0 59 f301fd02
5 1 0 60 55d230f9
5 1 0 61 e27ebf1
5 1 0 62 feaa0b08
5 1 0 63 ece0eadc
5 1 0 64 88162da
5 1 0 65 e4a8e581
5 1 0 66 5b050b0d
5 1 0 67 4c81135b
5 1 0 68 f443007e
5 1 0 69 dac5b505
5 1 0 70 fffaf402
5 1 0 71 7c0e5530
5 1 0 72 fe01130d
5 1 0 73 fad00cf7
5 1 0 74 12fc2a20
5 1 0 75 16c6ed20
5 1 0 76 2a0bf0f9
5 1 0 77 104a01fa
5 1 0 78 8011b0f
5 1 0 79 a32d06ce
5 1 0 80 df41549
5 1 0 81 81d8f1fd
5 1 0 82 826d7f0
5 1 0 83 b0f15ff
5 1 0 84 f1f02aae
5 1 0 85 e822700b
5 1 0 86 fd4afbf0
5 1 0 87 1402fe00
5 1 0 88 3218ff36
5 1 0 89 57e408df
5 1 0 90 ffe9f081
5 1 0 91 29dffef5
5 1 0 92 59a01f42
5 1 0 93 d854dfc1
5 1 0 94 f881f9
5 1 0 95 12f03539
5 1 0 96 19f9ea16
5 1 0 97 e6127fff
5 1 0 98 e812d281
5 1 0 99 30d5e3fe
5 1 0 100 dd190539
5 1 0 101 73fdfe32
5 1 0 102 d412f1b7
5 1 0 103 cf631229
5 1 0 104 2d250ac8
5 1 0 105 e12400cb
5 1 0 106 da2317c8
5 1 0 107 eff704ed
5 1 0 108 f628cb7f
5 1 0 109 46e4306a
5 1 0 110 bcf3813b
5 1 0 111 d6e9015b
5 1 0 112 b0d2cb7f
5 1 0 113 e1ddfe04
5 1 0 114 4ae3f07b
5 1 0 115 b108c2ff
5 1 0 116 b9061835
5 1 0 117 1646fa33
5 1 0 118 3d70112
5 1 0 119 5e6f86f
5 1 0 120 81dd0bfa
5 1 0 121 ef512f9
5 1 0 122 60a121c
5 1 0 123 7f11a305
5 1 0 124 5cf73048
5 1 0 125 914cee59
5 1 0 126 35acf7c9
5 1 0 127 2cf5baeb
5 1 0 128 9ee9f2e3
5 1 0 129 cddae4ed
5 1 0 130 a4d90127
5 1 0 131 8f70c08
5 1 0 132 3af8100c
5 1 0 133 c30011c3
5 1 0 134 ecb162b
5 1 0 135 7ffc1411
5 1 0 136 ed131a26
5 1 0 137 bead02f4
5 1 0 138 f7151efa
5 1 0 139 56ff2e3c
5 1 0 140 35d01b56
5 1 0 141 7ff3c1e9
5 1 0 142 be604ed
5 1 0 143 7f023123
5 0 0 0 193020ed
5 0 0 1 35b014a5
5 0 0 2 7203273
5 0 0 3 91ff615
5 0 0 4 1aefd072
5 0 0 5 a7ffaa9
5 0 0 6 63ff885
5 0 0 7 108015e6
5 0 0 8 1e6025ec
5 0 0 9 1b105df1
5 0 0 10 da01065
5 0 0 11 3d1ffd97
5 0 0 12 4400586
5 0 0 13 8affca8
5 0 0 14 161ffc54
5 0 0 15 cb006f5
5 0 0 16 ce00d9d
5 0 0 17 2090341a
5 0 0 18 1b1ff06e
5 0 0 19 141ff2a1
5 0 0 20 da0117b
5 0 0 21 109018d6
5 0 0 22 11d0309a
5 0 0 23 1f8fafdd
5 0 0 24 193020ed
5 0 0 25 35b014a5
5 0 0 26 7203273
5 0 0 27 91ff615
5 0 0 28 1aefd072
5 0 0 29 a7ffaa9
5 0 0 30 63ff885
5 0 0 31 108015e6
5 0 0 32 1e6025ec
5 0 0 33 1b105df1
5 0 0 34 da01065
5 0 0 35 3d1ffd97
5 0 0 36 4400586
5 0 0 37 8affca8
5 0 0 38 161ffc54
5 0 0 39 cb006f5
5 0 0 40 ce00d9d
5 0 0 41 2090341a
5 0 0 42 1b1ff06e
5 0 0 43 141ff2a1
5 0 0 44 da0117b
5 0 0 45 109018d6
5 0 0 46 11d0309a
5 0 0 47 1f8fafdd
5 0 0 48 14b00e10
5 0 0 49 25cff618
5 0 0 50 8102506
5 0 0 51 88fedf7
5 0 0 52 10dfeb5f
5 0 0 53 81011dc
5 0 0 54 7bff8ff
5 0 0 55 a301613
5 0 0 56 16001d13
5 0 0 57 16301d21
5 0 0 58 251025f1
5 0 0 59 3d100089
5 0 0 60 4b0092c
5 0 0 61 6cfff99
5 0 0 62 177fffe7
5 0 0 63 f400a4e
5 0 0 64 34001cd
5 0 0 65 4a014ce
5 0 0 66 176ff638
5 0 0 67 102fff4b
5 0 0 68 f7002b7
5 0 0 69 138ffb23
5 0 0 70 f201622
5 0 0 71 c8ff1ed
5 0 0 72 14b00e10
5 0 0 73 25cff618
5 0 0 74 8102506
5 0 0 75 88fedf7
5 0 0 76 10dfeb5f
5 0 0 77 81011dc
5 0 0 78 7bff8ff
5 0 0 79 a301613
5 0 0 80 16001d13
5 0 0 81 16301d21
5 0 0 82 251025f1
5 0 0 83 3d100089
5 0 0 84 4b0092c
5 0 0 85 6cfff99
5 0 0 86 177fffe7
5 0 0 87 f400a4e
5 0 0 88 34001cd
5 0 0 89 4a014ce
5 0 0 90 176ff638
5 0 0 91 102fff4b
5 0 0 92 f7002b7
5 0 0 93 138ffb23
5 0 0 94 f201622
5 0 0 95 c8ff1ed
5 0 0 96 e300cf4
5 0 0 97 328ff7b0
5 0 0 98 10c02c98
5 0 0 99 4afff90
5 0 0 100 affef49
5 0 0 101 11602009
5 0 0 102 6dff768
5 0 0 103 9b01c02
5 0 0 104 cb00f40
5 0 0 105 d402a99
5 0 0 106 226030a0
5 0 0 107 3d2ffe0a
5 0 0 108 85003f0
5 0 0 109 260071e
5 0 0 110 1c9011ae
5 0 0 111 281fe2d5
5 0 0 112 ad01512
5 0 0 113 db013d4
5 0 0 114 a1ffbc4
5 0 0 115 25c00426
5 0 0 116 ffff7a0
5 0 0 117 11e00006
5 0 0 118 9a014e4
5 0 0 119 1a7fd567
5 0 0 120 e300cf4
5 0 0 121 328ff7b0
5 0 0 122 10c02c98
5 0 0 123 4afff90
5 0 0 124 affef49
5 0 0 125 11602009
5 0 0 126 6dff768
5 0 0 127 9b01c02
5 0 0 128 cb00f40
5 0 0 129 d402a99
5 0 0 130 226030a0
5 0 0 131 3d2ffe0a
5 0 0 132 85003f0
5 0 0 133 260071e
5 0 0 134 1c9011ae
5 0 0 135 281fe2d5
5 0 0 136 ad01512
5 0 0 137 db013d4
5 0 0 138 a1ffbc4
5 0 0 139 25c00426
5 0 0 140 ffff7a0
5 0 0 141 11e00006
5 0 0 142 9a014e4
5 0 0 143 1a7fd567
6 1 0 0 c50009f2
6 1 0 1 91e50aef
6 1 0 2 a4f2fd0f
6 1 0 3 e6db056d
6 1 0 4 817f7f7f
6 1 0 5 a603f827
6 1 0 6 bfed04dd
6 1 0 7 bff6f2e2
6 1 0 8 f1f607fd
6 1 0 9 371308d7
6 1 0 10 1aed0c25
6 1 0 11 feeff705
6 1 0 12 7f361a81
6 1 0 13 7d58121
6 1 0 14 ecfeb08
6 1 0 15 1e7feed2
6 1 0 16 41e170a
6 1 0 17 f7c41af1
6 1 0 18 bbe41208
6 1 0 19 597f58f9
6 1 0 20 a57c2707
6 1 0 21 c94f4dff
6 1 0 22 7f357f7f
6 1 0 23 be632b04
6 1 0 24 b83d1b04
6 1 0 25 76191905
6 1 0 26 ac140b06
6 1 0 27 f2ef31fb
6 1 0 28 44181fd
6 1 0 29 3f59bf8
6 1 0 30 91f06
6 1 0 31 7f7f3d7f
6 1 0 32 131189e4
6 1 0 33 10062a07
6 1 0 34 2e338de
6 1 0 35 fe0817f7
6 1 0 36 1c369b0c
6 1 0 37 28f8b001
6 1 0 38 287fdcf3
6 1 0 39 2801d781
6 1 0 40 7fad0e6e
6 1 0 41 73182611
6 1 0 42 44d8e78
6 1 0 43 4d49490
6 1 0 44 f43381fa
6 1 0 45 b93f181c
6 1 0 46 ef347f05
6 1 0 47 e1cc43fe
6 1 0 48 33715012
6 1 0 49 7f7f0a81
6 1 0 50 6181bfd
6 1 0 51 f75f07f7
6 1 0 52 cf590617
6 1 0 53 de25031c
6 0 0 0 5ce002e3
6 0 0 1 8fafe275
6 0 0 2 104ffeb40
6 0 0 3 15ba01dfa
6 0 0 4 beb021fe
6 0 0 5 d3302f7a
6 0 0 6 264000461
6 0 0 7 cd3f61dd
6 0 0 8 64c007ad
6 0 0 9 1fffd4b7
6 0 0 10 2b8fdde6
6 0 0 11 2d3fd514
6 0 0 12 1316fe323
6 0 0 13 8af0334b
6 0 0 14 55701a7a
6 0 0 15 7b1fd040
6 0 0 16 dac001ae
6 0 0 17 2a00340d
6 0 0 18 7acfdf6a
6 0 0 19 7eeffc53
6 0 0 20 a43058ac
6 0 0 21 581fcc50
6 0 0 22 2c1fa4c1
6 0 0 23 a3d02b73
6 0 0 24 5ce002e3
6 0 0 25 8fafe275
6 0 0 26 104ffeb40
6 0 0 27 15ba01dfa
6 0 0 28 beb021fe
6 0 0 29 d3302f7a
6 0 0 30 264000461
6 0 0 31 cd3f61dd
6 0 0 32 64c007ad
6 0 0 33 1fffd4b7
6 0 0 34 2b8fdde6
6 0 0 35 2d3fd514
6 0 0 36 1316fe323
6 0 0 37 8af0334b
6 0 0 38 55701a7a
6 0 0 39 7b1fd040
6 0 0 40 dac001ae
6 0 0 41 2a00340d
6 0 0 42 7acfdf6a
6 0 0 43 7eeffc53
6 0 0 44 a43058ac
6 0 0 45 581fcc50
6 0 0 46 2c1fa4c1
6 0 0 47 a3d02b73
6 0 0 48 62400d8e
6 0 0 49 9f0ffb89
6 0 0 50 2084fda6f
6 0 0 51 c1d01b81
6 0 0 52 14bb02173
6 0 0 53 4610245d
6 0 0 54 3ccf00514
6 0 0 55 13afedb4
6 0 0 56 6d1ffac1
6 0 0 57 66efd974
6 0 0 58 ee005d3
6 0 0 59 367fe6a5
6 0 0 60 1475fdc86
6 0 0 61 63c0495a
6 0 0 62 53c00a35
6 0 0 63 b72fba73
6 0 0 64 4b9a00111
6 0 0 65 7600b23
6 0 0 66 645fb8e3
6 0 0 67 546003e3
6 0 0 68 586017c9
6 0 0 69 1cf00b83
6 0 0 70 42bf8335
6 0 0 71 ef3014d2
6 0 0 72 62400d8e
6 0 0 73 9f0ffb89
6 0 0 74 2084fda6f
6 0 0 75 c1d01b81
6 0 0 76 14bb02173
6 0 0 77 4610245d
6 0 0 78 3ccf00514
6 0 0 79 13afedb4
6 0 0 80 6d1ffac1
6 0 0 81 66efd974
6 0 0 82 ee005d3
6 0 0 83 367fe6a5
6 0 0 84 1475fdc86
6 0 0 85 63c0495a
6 0 0 86 53c00a35
6 0 0 87 b72fba73
6 0 0 88 4b9a00111
6 0 0 89 7600b23
6 0 0 90 645fb8e3
6 0 0 91 546003e3
6 0 0 92 586017c9
6 0 0 93 1cf00b83
6 0 0 94 42bf8335
6 0 0 95 ef3014d2
6 0 0 96 4dbffa30
6 0 0 97 4eefeece
6 0 0 98 e29ff941
6 0 0 99 3f9031c9
6 0 0 100 e2f00e8d
6 0 0 101 3ce02e71
6 0 0 102 2a8dffeaf
6 0 0 103 5f9fb514
6 0 0 104 883fff5e
6 0 0 105 678f6107
6 0 0 106 1ccfea57
6 0 0 107 68bfe01e
6 0 0 108 141afc1f9
6 0 0 109 1e501535
6 0 0 110 2d90140f
6 0 0 111 5fdfbe7c
6 0 0 112 23cafff8c
6 0 0 113 3f303395
6 0 0 114 6fefbbce
6 0 0 115 3d8ff352
6 0 0 116 30200ae5
6 0 0 117 7a2facfd
6 0 0 118 493f68e0
6 0 0 119 cec01cb7
6 0 0 120 4dbffa30
6 0 0 121 4eefeece
6 0 0 122 e29ff941
6 0 0 123 3f9031c9
6 0 0 124 e2f00e8d
6 0 0 125 3ce02e71
6 0 0 126 2a8dffeaf
6 0 0 127 5f9fb514
6 0 0 128 883fff5e
6 0 0 129 678f6107
6 0 0 130 1ccfea57
6 0 0 131 68bfe01e
6 0 0 132 141afc1f9
6 0 0 133 1e501535
6 0 0 134 2d90140f
6 0 0 135 5fdfbe7c
6 0 0 136 23cafff8c
6 0 0 137 3f303395
6 0 0 138 6fefbbce
6 0 0 139 3d8ff352
6 0 0 140 30200ae5
6 0 0 141 7a2facfd
6 0 0 142 493f68e0
6 0 0 143 cec01cb7
7 1 0 0 1c20187f
7 1 0 1 30f70efd
7 1 0 2 7fbe06ff
7 1 0 3 7ff4f801
7 1 0 4 dd00ef02
7 1 0 5 cca0ac5
7 1 0 6 fd020103
7 1 0 7 e3d97f6a
7 1 0 8 60a3fe5
7 1 0 9 dcfb345e
7 1 0 10 1bf6dfed
7 1 0 11 aafc4410
7 1 0 12 765e1809
7 1 0 13 24b0df3
7 1 0 14 6f7ff08
7 1 0 15 8175ed47
7 1 0 16 7fe527ee
7 1 0 17 3c05812b
7 1 0 18 3046f302
7 1 0 19 b938e1ef
7 1 0 20 ef1de522
7 1 0 21 da3c1f9f
7 1 0 22 1600fc0b
7 1 0 23 a925cf30
7 1 0 24 ff173ebe
7 1 0 25 f70a01fe
7 1 0 26 a3b24ca
7 1 0 27 f9fff6
7 1 0 28 e63111ec
7 1 0 29 eaf5812a
7 1 0 30 fe00ef09
7 1 0 31 e8559af8
7 1 0 32 150b3df1
7 1 0 33 a40e825a
7 1 0 34 14041503
7 1 0 35 45ec210a
7 1 0 36 35fef2e2
7 1 0 37 11e80aee
7 1 0 38 2060d05
7 1 0 39 efd04d6a
7 1 0 40 fdf23eeb
7 1 0 41 232023bd
7 1 0 42 1dfc0e0f
7 1 0 43 f71c700b
7 1 0 44 f0161aee
7 1 0 45 1d187f21
7 1 0 46 cdd2f813
7 1 0 47 fbf6b403
7 1 0 48 152cc5fe
7 1 0 49 621981d4
7 1 0 50 1ecc1013
7 1 0 51 36f9f5ff
7 1 0 52 81d3fa38
7 1 0 53 5c90829
7 1 0 54 fd0307fe
7 1 0 55 a5d3f7e4
7 1 0 56 2233d20c
7 1 0 57 f6deee81
7 1 0 58 85cf418
7 1 0 59 81c2e5fd
7 1 0 60 7f180d11
7 1 0 61 7ff4f304
7 1 0 62 fe0ef9f9
7 1 0 63 c9d82db7
7 1 0 64 5f01a4a
7 1 0 65 706d618
7 1 0 66 44fa2504
7 1 0 67 610e1a7f
7 1 0 68 2f50614
7 1 0 69 35b53c03
7 1 0 70 8125070c
7 1 0 71 d519f981
7 1 0 72 f701cbf0
7 1 0 73 e77b1bf2
7 1 0 74 1a221f06
7 1 0 75 5fbfff9
7 1 0 76 18e0de0a
7 1 0 77 29e0e9c4
7 1 0 78 1040cf8
7 1 0 79 30640843
7 1 0 80 44090117
7 1 0 81 171c02fd
7 1 0 82 1702eb0e
7 1 0 83 10205507
7 1 0 84 f20bfe28
7 1 0 85 416faf3
7 1 0 86 fb810900
7 1 0 87 540b0c24
7 1 0 88 29eb1bf3
7 1 0 89 ca5072b
7 1 0 90 f002d5c7
7 1 0 91 b51cf6d0
7 1 0 92 12180916
7 1 0 93 7eeef81e
7 1 0 94 caddddbc
7 1 0 95 fedff704
7 1 0 96 b612d7f8
7 1 0 97 d8db0207
7 1 0 98 bf519f3
7 1 0 99 f8fef5ec
7 1 0 100 16180a18
7 1 0 101 d1c3bfc
7 1 0 102 fafef781
7 1 0 103 2714b5c8
7 1 0 104 81e626f0
7 1 0 105 d838d711
7 1 0 106 81e7c406
7 1 0 107 fe47af6
7 1 0 108 304ebdd3
7 1 0 109 d12fdf5
7 1 0 110 fb01f8fe
7 1 0 111 e558ca05
7 1 0 112 e12ebaf4
7 1 0 113 670403fd
7 1 0 114 e97fe5ee
7 1 0 115 af1406ef
7 1 0 116 a31406e9
7 1 0 117 ab46090a
7 1 0 118 fc42fb06
7 1 0 119 f32376fa
7 1 0 120 24040ed9
7 1 0 121 2412b8e0
7 1 0 122 e8c8eaa3
7 1 0 123 8070207
7 1 0 124 c0030932
7 1 0 125 3212f6b6
7 1 0 126 fe0101fa
7 1 0 127 b5339801
7 1 0 128 21e94bc8
7 1 0 129 a10d1036
7 1 0 130 2be50201
7 1 0 131 b9820920
7 1 0 132 a125ce00
7 1 0 133 dc5be8e8
7 1 0 134 b06fa00
7 1 0 135 723fe6f
7 1 0 136 1b1228e9
7 1 0 137 f3e2e9ef
7 1 0 138 af47e70a
7 1 0 139 61a8804
7 1 0 140 f1091281
7 1 0 141 eddaf245
7 1 0 142 f024459
7 1 0 143 45da0c09
7 0 0 0 b5ff4ed
7 0 0 1 1cb01d4e
7 0 0 2 5100fe9
7 0 0 3 9b3fb2e9
7 0 0 4 2330038c
7 0 0 5 1ef01e0d
7 0 0 6 90a01c2e
7 0 0 7 12701d88
7 0 0 8 123ff221
7 0 0 9 1ec028f2
7 0 0 10 1e700b07
7 0 0 11 20d00958
7 0 0 12 f500b94
7 0 0 13 e40035b
7 0 0 14 26b01497
7 0 0 15 11affff5
7 0 0 16 2f3fe92d
7 0 0 17 53700c82
7 0 0 18 2a00177a
7 0 0 19 43f00cd6
7 0 0 20 1aa011e0
7 0 0 21 237fe399
7 0 0 22 ad0070d
7 0 0 23 17501d19
7 0 0 24 b5ff4ed
7 0 0 25 1cb01d4e
7 0 0 26 5100fe9
7 0 0 27 9b3fb2e9
7 0 0 28 2330038c
7 0 0 29 1ef01e0d
7 0 0 30 90a01c2e
7 0 0 31 12701d88
7 0 0 32 123ff221
7 0 0 33 1ec028f2
7 0 0 34 1e700b07
7 0 0 35 20d00958
7 0 0 36 f500b94
7 0 0 37 e40035b
7 0 0 38 26b01497
7 0 0 39 11affff5
7 0 0 40 2f3fe92d
7 0 0 41 53700c82
7 0 0 42 2a00177a
7 0 0 43 43f00cd6
7 0 0 44 1aa011e0
7 0 0 45 237fe399
7 0 0 46 ad0070d
7 0 0 47 17501d19
7 0 0 48 15bff229
7 0 0 49 b000861
7 0 0 50 1700d6c
7 0 0 51 7b5fc9df
7 0 0 52 1d500fab
7 0 0 53 1c6021e2
7 0 0 54 560005d4
7 0 0 55 a500105
7 0 0 56 2d9ff3d5
7 0 0 57 2e602fd5
7 0 0 58 21a0154a
7 0 0 59 1f202531
7 0 0 60 4600b64
7 0 0 61 d400014
7 0 0 62 2d000fe9
7 0 0 63 f40232b
7 0 0 64 15a01726
7 0 0 65 2b2012f4
7 0 0 66 2dc019da
7 0 0 67 30b011e8
7 0 0 68 2ef00a71
7 0 0 69 29f0137c
7 0 0 70 5000fa3
7 0 0 71 24c03b5d
7 0 0 72 15bff229
7 0 0 73 b000861
7 0 0 74 1700d6c
7 0 0 75 7b5fc9df
7 0 0 76 1d500fab
7 0 0 77 1c6021e2
7 0 0 78 560005d4
7 0 0 79 a500105
7 0 0 80 2d9ff3d5
7 0 0 81 2e602fd5
7 0 0 82 21a0154a
7 0 0 83 1f202531
7 0 0 84 4600b64
7 0 0 85 d400014
7 0 0 86 2d000fe9
7 0 0 87 f40232b
7 0 0 88 15a01726
7 0 0 89 2b2012f4
7 0 0 90 2dc019da
7 0 0 91 30b011e8
7 0 0 92 2ef00a71
7 0 0 93 29f0137c
7 0 0 94 5000fa3
7 0 0 95 24c03b5d
7 0 0 96 c2ffa46
7 0 0 97 8400246
7 0 0 98 7d00c5a
7 0 0 99 3adfc6da
7 0 0 100 34f00ea2
7 0 0 101 e70099e
7 0 0 102 58f00a3d
7 0 0 103 10701101
7 0 0 104 215feba5
7 0 0 105 35e06339
7 0 0 106 30401692
7 0 0 107 1ee01c86
7 0 0 108 be00168
7 0 0 109 15d0019d
7 0 0 110 47e024ee
7 0 0 111 17b02502
7 0 0 112 1e300c98
7 0 0 113 22f021d1
7 0 0 114 350018af
7 0 0 115 1c500a2e
7 0 0 116 270018a4
7 0 0 117 2ee0332a
7 0 0 118 c500599
7 0 0 119 1ae02e72
7 0 0 120 c2ffa46
7 0 0 121 8400246
7 0 0 122 7d00c5a
7 0 0 123 3adfc6da
7 0 0 124 34f00ea2
7 0 0 125 e70099e
7 0 0 126 58f00a3d
7 0 0 127 10701101
7 0 0 128 215feba5
7 0 0 129 35e06339
7 0 0 130 30401692
7 0 0 131 1ee01c86
7 0 0 132 be00168
7 0 0 133 15d0019d
7 0 0 134 47e024ee
7 0 0 135 17b02502
7 0 0 136 1e300c98
7 0 0 137 22f021d1
7 0 0 138 350018af
7 0 0 139 1c500a2e
7 0 0 140 270018a4
7 0 0 141 2ee0332a
7 0 0 142 c500599
7 0 0 143 1ae02e72
8 1 0 0 e8f004ff
8 1 0 1 2c15140c
8 1 0 2 f1e60706
8 1 0 3 ead701aa
8 1 0 4 7f7f4e52
8 1 0 5 ed1a047f
8 1 0 6 eb0f0714
8 1 0 7 1ad27f00
8 1 0 8 e4d9fd05
8 1 0 9 faee0581
8 1 0 10 cb837c9
8 1 0 11 24601dd
8 1 0 12 f82e7fb8
8 1 0 13 817f2c51
8 1 0 14 ec962adf
8 1 0 15 4ea279b
8 1 0 16 5ff1df4
8 1 0 17 b0ef0b8
8 1 0 18 9913b82b
8 1 0 19 cfc5084a
8 1 0 20 a2ed0a40
8 1 0 21 e67f1809
8 1 0 22 7fdabd4c
8 1 0 23 cfe28168
8 1 0 24 c901f8f2
8 1 0 25 e40aa55f
8 1 0 26 c70d877f
8 1 0 27 f9002408
8 1 0 28 e2e40e00
8 1 0 29 1201e404
8 1 0 30 f2022407
8 1 0 31 fa524481
8 1 0 32 3505810a
8 1 0 33 1203fe09
8 1 0 34 7f810011
8 1 0 35 cef5e507
8 1 0 36 2d190cad
8 1 0 37 69110990
8 1 0 38 7f29f88b
8 1 0 39 b07e308
8 1 0 40 5f818139
8 1 0 41 aefceef4
8 1 0 42 bc23e681
8 1 0 43 4814d9eb
8 1 0 44 271e08b2
8 1 0 45 f23ef7e4
8 1 0 46 3555f518
8 1 0 47 41e8fbdc
8 1 0 48 de560181
8 1 0 49 bb5c7f5a
8 1 0 50 7ff9fc1e
8 1 0 51 c2d3fd21
8 1 0 52 e4810588
8 1 0 53 67c7f5eb
8 0 0 0 d1fffeb1
8 0 0 1 731fece7
8 0 0 2 ef9ff15a
8 0 0 3 2c98fee6d
8 0 0 4 58003435
8 0 0 5 51afff57
8 0 0 6 ae0004ba
8 0 0 7 6b702fac
8 0 0 8 1c4ffef9
8 0 0 9 16b014a8
8 0 0 10 ad0ffb12
8 0 0 11 35b021be
8 0 0 12 167302ee6
8 0 0 13 e55015f5
8 0 0 14 12d400405
8 0 0 15 920fe830
8 0 0 16 1010103a
8 0 0 17 54e01b55
8 0 0 18 9e101395
8 0 0 19 569ff125
8 0 0 20 400018a2
8 0 0 21 a3c000e3
8 0 0 22 4ee00b1b
8 0 0 23 28bffc0a
8 0 0 24 d1fffeb1
8 0 0 25 731fece7
8 0 0 26 ef9ff15a
8 0 0 27 2c98fee6d
8 0 0 28 58003435
8 0 0 29 51afff57
8 0 0 30 ae0004ba
8 0 0 31 6b702fac
8 0 0 32 1c4ffef9
8 0 0 33 16b014a8
8 0 0 34 ad0ffb12
8 0 0 35 35b021be
8 0 0 36 167302ee6
8 0 0 37 e55015f5
8 0 0 38 12d400405
8 0 0 39 920fe830
8 0 0 40 1010103a
8 0 0 41 54e01b55
8 0 0 42 9e101395
8 0 0 43 569ff125
8 0 0 44 400018a2
8 0 0 45 a3c000e3
8 0 0 46 4ee00b1b
8 0 0 47 28bffc0a
8 0 0 48 797ffd0e
8 0 0 49 585ff9db
8 0 0 50 189e0003a
8 0 0 51 230bffbd5
8 0 0 52 476020cb
8 0 0 53 284ffc8b
8 0 0 54 bb400619
8 0 0 55 a7504649
8 0 0 56 228ffe59
8 0 0 57 30202e10
8 0 0 58 4580054c
8 0 0 59 5120423d
8 0 0 60 135a0352b
8 0 0 61 123c0160e
8 0 0 62 129500ae7
8 0 0 63 37bff4af
8 0 0 64 65b04e06
8 0 0 65 4bf02f6b
8 0 0 66 538021ab
8 0 0 67 694febc3
8 0 0 68 23e022b2
8 0 0 69 89a0083c
8 0 0 70 8d800b7b
8 0 0 71 7acfec6f
8 0 0 72 797ffd0e
8 0 0 73 585ff9db
8 0 0 74 189e0003a
8 0 0 75 230bffbd5
8 0 0 76 476020cb
8 0 0 77 284ffc8b
8 0 0 78 bb400619
8 0 0 79 a7504649
8 0 0 80 228ffe59
8 0 0 81 30202e10
8 0 0 82 4580054c
8 0 0 83 5120423d
8 0 0 84 135a0352b
8 0 0 85 123c0160e
8 0 0 86 129500ae7
8 0 0 87 37bff4af
8 0 0 88 65b04e06
8 0 0 89 4bf02f6b
8 0 0 90 538021ab
8 0 0 91 694febc3
8 0 0 92 23e022b2
8 0 0 93 89a0083c
8 0 0 94 8d800b7b
8 0 0 95 7acfec6f
8 0 0 96 9fdff778
8 0 0 97 52a004a2
8 0 0 98 fb100bf4
8 0 0 99 31a7ff32b
8 0 0 100 4740215d
8 0 0 101 357ff80b
8 0 0 102 187300aa1
8 0 0 103 a2103aee
8 0 0 104 36700266
8 0 0 105 1d201f7e
8 0 0 106 99cff78d
8 0 0 107 4d603ca9
8 0 0 108 121902854
8 0 0 109 168000edb
8 0 0 110 e5700f17
8 0 0 111 8f8fd403
8 0 0 112 50605557
8 0 0 113 82904b38
8 0 0 114 76300e13
8 0 0 115 42cfde35
8 0 0 116 26502b93
8 0 0 117 8a7ffa64
8 0 0 118 78fff711
8 0 0 119 957fdba9
8 0 0 120 9fdff778
8 0 0 121 52a004a2
8 0 0 122 fb100bf4
8 0 0 123 31a7ff32b
8 0 0 124 4740215d
8 0 0 125 357ff80b
8 0 0 126 187300aa1
8 0 0 127 a2103aee
8 0 0 128 36700266
8 0 0 129 1d201f7e
8 0 0 130 99cff78d
8 0 0 131 4d603ca9
8 0 0 132 121902854
8 0 0 133 168000edb
8 0 0 134 e5700f17
8 0 0 135 8f8fd403
8 0 0 136 50605557
8 0 0 137 82904b38
8 0 0 138 76300e13
8 0 0 139 42cfde35
8 0 0 140 26502b93
8 0 0 141 8a7ffa64
8 0 0 142 78fff711
8 0 0 143 957fdba9
9 1 0 0 1d04f67f
9 1 0 1 10f87ffe
9 1 0 2 7f021700
9 1 0 3 7ffcf507
9 1 0 4 c0e9b6e7
9 1 0 5 1dd8e231
9 1 0 6 f20b2603
9 1 0 7 d28c500
9 1 0 8 fcd6e8c8
9 1 0 9 237c0de3
9 1 0 10 e78b98cf
9 1 0 11 11f2b612
9 1 0 12 7f191307
9 1 0 13 7ffaf803
9 1 0 14 7fb04f4
9 1 0 15 60a490c
9 1 0 16 ec17ebe7
9 1 0 17 fe0521f9
9 1 0 18 2e20fb04
9 1 0 19 e02f0f4
9 1 0 20 18f65feb
9 1 0 21 7f09ff09
9 1 0 22 b105ebe0
9 1 0 23 7ff1dcf7
9 1 0 24 1fefc0f
9 1 0 25 e23f4db
9 1 0 26 e2ebfc0b
9 1 0 27 611091f
9 1 0 28 7ff5e711
9 1 0 29 fcc97fee
9 1 0 30 c4da1c0a
9 1 0 31 2cc80ec8
9 1 0 32 cdb6e079
9 1 0 33 13f0fef7
9 1 0 34 7f49db20
9 1 0 35 680943c5
9 1 0 36 20f800ea
9 1 0 37 11f9fafc
9 1 0 38 d81bfb02
9 1 0 39 f4f308d2
9 1 0 40 a3ccf67f
9 1 0 41 fb812511
9 1 0 42 28fbf6f5
9 1 0 43 7fdd24f7
9 1 0 44 1efcfb26
9 1 0 45 3b38afe2
9 1 0 46 16dfefe8
9 1 0 47 c20f36a2
9 1 0 48 902fa27
9 1 0 49 2a04d4f8
9 1 0 50 f90b11f9
9 1 0 51 1f050123
9 1 0 52 5cd0ce2
9 1 0 53 efabc35
9 1 0 54 bed0408
9 1 0 55 8eb98eb4
9 1 0 56 7f17f22f
9 1 0 57 e8cdf5d7
9 1 0 58 9eedb87
9 1 0 59 d6b6fe81
9 1 0 60 c5f2fadc
9 1 0 61 2feefb0c
9 1 0 62 fed0109
9 1 0 63 270adf57
9 1 0 64 2d11900
9 1 0 65 2d1707fe
9 1 0 66 cdede5e3
9 1 0 67 2a2843ec
9 1 0 68 2bf8f67f
9 1 0 69 be715f2
9 1 0 70 7f05a0d8
9 1 0 71 be1de4f4
9 1 0 72 eaf314e7
9 1 0 73 f1dcf301
9 1 0 74 307fdf5
9 1 0 75 407f30c
9 1 0 76 1209f401
9 1 0 77 e071603
9 1 0 78 fff0e1f1
9 1 0 79 34dcec27
9 1 0 80 cea0526
9 1 0 81 1404f9ea
9 1 0 82 8f0e9a1
9 1 0 83 caddcdeb
9 1 0 84 f7060722
9 1 0 85 5fe
9 1 0 86 381fcfd
9 1 0 87 8105d902
9 1 0 88 cf4041c
9 1 0 89 19181505
9 1 0 90 f6f8197f
9 1 0 91 afedbd2
9 1 0 92 d9261c2b
9 1 0 93 722e90e
9 1 0 94 12132cfb
9 1 0 95 bd0c03f8
9 1 0 96 fafd0bf5
9 1 0 97 5ec52eb
9 1 0 98 91afd0d
9 1 0 99 d0a02
9 1 0 100 f601d001
9 1 0 101 10fcc3d
9 1 0 102 19f5f6f8
9 1 0 103 be04ac46
9 1 0 104 3cbe2a12
9 1 0 105 121df002
9 1 0 106 38c032bc
9 1 0 107 722a546
9 1 0 108 ffedfe1e
9 1 0 109 ff3d00f7
9 1 0 110 f2f21810
9 1 0 111 fd1cea39
9 1 0 112 1c060126
9 1 0 113 f2ef760b
9 1 0 114 f231615
9 1 0 115 ecdedd4c
9 1 0 116 240904dd
9 1 0 117 3a0d2afe
9 1 0 118 2e4ff399
9 1 0 119 fa2387fe
9 1 0 120 1611f4fa
9 1 0 121 2bed1aef
9 1 0 122 1d0001
9 1 0 123 fb2f0613
9 1 0 124 f6121457
9 1 0 125 f6183bf6
9 1 0 126 9f4df7f
9 1 0 127 da8115e7
9 1 0 128 f6fea30b
9 1 0 129 f30081f6
9 1 0 130 175e3226
9 1 0 131 e137085c
9 1 0 132 ebe806fe
9 1 0 133 fdfe0509
9 1 0 134 fe01f0ef
9 1 0 135 2604ab05
9 1 0 136 f6fbc322
9 1 0 137 feeca6e1
9 1 0 138 f4f4ffd6
9 1 0 139 c9b329e0
9 1 0 140 1c41534e
9 1 0 141 fa008518
9 1 0 142 15e40305
9 1 0 143 cde94dd9
9 0 0 0 673ffe90
9 0 0 1 59aff48b
9 0 0 2 2dcff8e9
9 0 0 3 3b9feaca
9 0 0 4 35a00521
9 0 0 5 2d0fea85
9 0 0 6 72e0077f
9 0 0 7 2d101bd7
9 0 0 8 473ffe4b
9 0 0 9 3b000f97
9 0 0 10 17a0032d
9 0 0 11 42f00e3f
9 0 0 12 52400250
9 0 0 13 463ff230
9 0 0 14 2df00aea
9 0 0 15 46f00a61
9 0 0 16 33c0153e
9 0 0 17 8d9008d9
9 0 0 18 6d2ffb27
9 0 0 19 3b4ffd71
9 0 0 20 220fead1
9 0 0 21 2c8003dd
9 0 0 22 1d9fff69
9 0 0 23 47601b8f
9 0 0 24 673ffe90
9 0 0 25 59aff48b
9 0 0 26 2dcff8e9
9 0 0 27 3b9feaca
9 0 0 28 35a00521
9 0 0 29 2d0fea85
9 0 0 30 72e0077f
9 0 0 31 2d101bd7
9 0 0 32 473ffe4b
9 0 0 33 3b000f97
9 0 0 34 17a0032d
9 0 0 35 42f00e3f
9 0 0 36 52400250
9 0 0 37 463ff230
9 0 0 38 2df00aea
9 0 0 39 46f00a61
9 0 0 40 33c0153e
9 0 0 41 8d9008d9
9 0 0 42 6d2ffb27
9 0 0 43 3b4ffd71
9 0 0 44 220fead1
9 0 0 45 2c8003dd
9 0 0 46 1d9fff69
9 0 0 47 47601b8f
9 0 0 48 754ff660
9 0 0 49 6b2ffb98
9 0 0 50 275001ce
9 0 0 51 2f2feabb
9 0 0 52 4b400b1c
9 0 0 53 381ff9f4
9 0 0 54 685005cb
9 0 0 55 28802e44
9 0 0 56 547fffa5
9 0 0 57 62401812
9 0 0 58 dd00464
9 0 0 59 3f001bf1
9 0 0 60 358009e8
9 0 0 61 2feff3e9
9 0 0 62 23100e1c
9 0 0 63 81300ab1
9 0 0 64 2110127a
9 0 0 65 5fa00853
9 0 0 66 458004c4
9 0 0 67 35800e1b
9 0 0 68 2fdfe0ef
9 0 0 69 349ffd74
9 0 0 70 effe81
9 0 0 71 5340356a
9 0 0 72 754ff660
9 0 0 73 6b2ffb98
9 0 0 74 275001ce
9 0 0 75 2f2feabb
9 0 0 76 4b400b1c
9 0 0 77 381ff9f4
9 0 0 78 685005cb
9 0 0 79 28802e44
9 0 0 80 547fffa5
9 0 0 81 62401812
9 0 0 82 dd00464
9 0 0 83 3f001bf1
9 0 0 84 358009e8
9 0 0 85 2feff3e9
9 0 0 86 23100e1c
9 0 0 87 81300ab1
9 0 0 88 2110127a
9 0 0 89 5fa00853
9 0 0 90 458004c4
9 0 0 91 35800e1b
9 0 0 92 2fdfe0ef
9 0 0 93 349ffd74
9 0 0 94 effe81
9 0 0 95 5340356a
9 0 0 96 5d4ff6ae
9 0 0 97 69cfdcbb
9 0 0 98 350002f6
9 0 0 99 344fefd8
9 0 0 100 3ab011bb
9 0 0 101 3b7ffd79
9 0 0 102 760feb32
9 0 0 103 2e002c4f
9 0 0 104 1b2ffbbd
9 0 0 105 45e01297
9 0 0 106 1ad009f9
9 0 0 107 23d02185
9 0 0 108 3fe0083e
9 0 0 109 34eff8b6
9 0 0 110 3cd009ff
9 0 0 111 8e500151
9 0 0 112 21400e4a
9 0 0 113 8f2ff67f
9 0 0 114 78501743
9 0 0 115 2b600a91
9 0 0 116 1aafed6d
9 0 0 117 3a400d93
9 0 0 118 3ffc60070a
9 0 0 119 27401fd9
9 0 0 120 5d4ff6ae
9 0 0 121 69cfdcbb
9 0 0 122 350002f6
9 0 0 123 344fefd8
9 0 0 124 3ab011bb
9 0 0 125 3b7ffd79
9 0 0 126 760feb32
9 0 0 127 2e002c4f
9 0 0 128 1b2ffbbd
9 0 0 129 45e01297
9 0 0 130 1ad009f9
9 0 0 131 23d02185
9 0 0 132 3fe0083e
9 0 0 133 34eff8b6
9 0 0 134 3cd009ff
9 0 0 135 8e500151
9 0 0 136 21400e4a
9 0 0 137 8f2ff67f
9 0 0 138 78501743
9 0 0 139 2b600a91
9 0 0 140 1aafed6d
9 0 0 141 3a400d93
9 0 0 142 3ffc60070a
9 0 0 143 27401fd9
10 1 0 0 f9fe0a09
10 1 0 1 e0f0ff5
10 1 0 2 70072714
10 1 0 3 c7010a10
10 1 0 4 7f817f14
10 1 0 5 120427cd
10 1 0 6 9404fce8
10 1 0 7 76fd9d7f
10 1 0 8 b5ffdda2
10 1 0 9 d6cd2432
10 1 0 10 8130d7c5
10 1 0 11 3a0111f8
10 1 0 12 e731bb81
10 1 0 13 a3812ecb
10 1 0 14 d84a3dbe
10 1 0 15 f102affe
10 1 0 16 b4d7f8b
10 1 0 17 db2d1c7
10 1 0 18 e9fae012
10 1 0 19 1ecf2ed9
10 1 0 20 7f00caf2
10 1 0 21 fc7f4ff7
10 1 0 22 9fecc315
10 1 0 23 22097f5f
10 1 0 24 4e71321
10 1 0 25 921c87f
10 1 0 26 f7ea534a
10 1 0 27 71801e8
10 1 0 28 2e4efce7
10 1 0 29 db7e81af
10 1 0 30 44031633
10 1 0 31 819b9a81
10 1 0 32 3b81f7b9
10 1 0 33 cf0aefe1
10 1 0 34 480e05e8
10 1 0 35 f52cf892
10 1 0 36 40773d6
10 1 0 37 e70d9412
10 1 0 38 1ce6f5db
10 1 0 39 e20a93f7
10 1 0 40 881dc4f
10 1 0 41 81db7fb9
10 1 0 42 bc06fccb
10 1 0 43 a91c7481
10 1 0 44 e1ee83b8
10 1 0 45 fdfefeec
10 1 0 46 fd17ed08
10 1 0 47 1307ee18
10 1 0 48 c4040c55
10 1 0 49 7f810dda
10 1 0 50 e4257ff3
10 1 0 51 f4fa2700
10 1 0 52 16ff797f
10 1 0 53 2cfa1cda
10 0 0 0 1c7600115
10 0 0 1 1e4500f91
10 0 0 2 340f06e80
10 0 0 3 386cffa43
10 0 0 4 c4f02f69
10 0 0 5 287f008ce
10 0 0 6 6ad1001fe
10 0 0 7 136b038f0
10 0 0 8 2484fd679
10 0 0 9 2285fe357
10 0 0 10 3337ff828
10 0 0 11 2086ff355
10 0 0 12 d4303020
10 0 0 13 205b040f1
10 0 0 14 56b4ff5e3
10 0 0 15 4110fee22
10 0 0 16 e8d04a21
10 0 0 17 241e00b6d
10 0 0 18 1fe003d76
10 0 0 19 fdeff900
10 0 0 20 21a2fe543
10 0 0 21 1c04fe6d7
10 0 0 22 48560651e
10 0 0 23 1db6ff319
10 0 0 24 1c7600115
10 0 0 25 1e4500f91
10 0 0 26 340f06e80
10 0 0 27 386cffa43
10 0 0 28 c4f02f69
10 0 0 29 287f008ce
10 0 0 30 6ad1001fe
10 0 0 31 136b038f0
10 0 0 32 2484fd679
10 0 0 33 2285fe357
10 0 0 34 3337ff828
10 0 0 35 2086ff355
10 0 0 36 d4303020
10 0 0 37 205b040f1
10 0 0 38 56b4ff5e3
10 0 0 39 4110fee22
10 0 0 40 e8d04a21
10 0 0 41 241e00b6d
10 0 0 42 1fe003d76
10 0 0 43 fdeff900
10 0 0 44 21a2fe543
10 0 0 45 1c04fe6d7
10 0 0 46 48560651e
10 0 0 47 1db6ff319
10 0 0 48 2c6a002c8
10 0 0 49 15fcfff1e
10 0 0 50 21fa045dd
10 0 0 51 3c6fffdb1
10 0 0 52 9b3030f4
10 0 0 53 2d78ff01d
10 0 0 54 ad0a00276
10 0 0 55 72801e13
10 0 0 56 971fe81d
10 0 0 57 1f8cfd6bf
10 0 0 58 3d76fec1e
10 0 0 59 2bbafd7ae
10 0 0 60 715025a4
10 0 0 61 148103f59
10 0 0 62 50defee93
10 0 0 63 816bfcfde
10 0 0 64 153905875
10 0 0 65 342200f94
10 0 0 66 be2015e8
10 0 0 67 124f02b5b
10 0 0 68 1f3efe440
10 0 0 69 10ddffabb
10 0 0 70 56f905f2b
10 0 0 71 1942fe893
10 0 0 72 2c6a002c8
10 0 0 73 15fcfff1e
10 0 0 74 21fa045dd
10 0 0 75 3c6fffdb1
10 0 0 76 9b3030f4
10 0 0 77 2d78ff01d
10 0 0 78 ad0a00276
10 0 0 79 72801e13
10 0 0 80 971fe81d
10 0 0 81 1f8cfd6bf
10 0 0 82 3d76fec1e
10 0 0 83 2bbafd7ae
10 0 0 84 715025a4
10 0 0 85 148103f59
10 0 0 86 50defee93
10 0 0 87 816bfcfde
10 0 0 88 153905875
10 0 0 89 342200f94
10 0 0 90 be2015e8
10 0 0 91 124f02b5b
10 0 0 92 1f3efe440
10 0 0 93 10ddffabb
10 0 0 94 56f905f2b
10 0 0 95 1942fe893
10 0 0 96 48d6003fc
10 0 0 97 1b24ffe98
10 0 0 98 35070673e
10 0 0 99 31f8fff1e
10 0 0 100 d0503405
10 0 0 101 2e60ff530
10 0 0 102 ad8d0019b
10 0 0 103 113103dcf
10 0 0 104 122efe881
10 0 0 105 2e05fbf73
10 0 0 106 4894feb57
10 0 0 107 22e4fe4ed
10 0 0 108 b2b03f07
10 0 0 109 e7502a01
10 0 0 110 5d0fff2af
10 0 0 111 3ca7fe49a
10 0 0 112 1a81076ad
10 0 0 113 1d8400832
10 0 0 114 1333031c3
10 0 0 115 f7c03104
10 0 0 116 1e2bfe8b8
10 0 0 117 e06fe6bf
10 0 0 118 311304578
10 0 0 119 2e2cfe0a6
10 0 0 120 48d6003fc
10 0 0 121 1b24ffe98
10 0 0 122 35070673e
10 0 0 123 31f8fff1e
10 0 0 124 d0503405
10 0 0 125 2e60ff530
10 0 0 126 ad8d0019b
10 0 0 127 113103dcf
10 0 0 128 122efe881
10 0 0 129 2e05fbf73
10 0 0 130 4894feb57
10 0 0 131 22e4fe4ed
10 0 0 132 b2b03f07
10 0 0 133 e7502a01
10 0 0 134 5d0fff2af
10 0 0 135 3ca7fe49a
10 0 0 136 1a81076ad
10 0 0 137 1d8400832
10 0 0 138 1333031c3
10 0 0 139 f7c03104
10 0 0 140 1e2bfe8b8
10 0 0 141 e06fe6bf
10 0 0 142 311304578
10 0 0 143 2e2cfe0a6
11 1 0 0 814d0df1
11 1 1 0 81f20bec
11 1 0 1 81f50003
11 1 1 1 81c0fffb
11 1 0 2 8133eb13
11 1 1 2 c41eca45
11 1 0 3 8115f114
11 1 1 3 81fa070e
11 1 0 4 81ccfc02
11 1 1 4 811dfa00
11 1 0 5 50d0300
11 1 1 5 f7fd0200
11 1 0 6 81f443fb
11 1 1 6 8118eb3d
11 1 0 7 fcaa0cfd
11 1 1 7 d9b32cd6
11 1 0 8 3e9eb06
11 1 1 8 eee0fa1d
11 1 0 9 f80101f9
11 1 1 9 f802fcf7
11 1 0 10 21030517
11 1 1 10 40fc3470
11 1 0 11 d2ff1f1b
11 1 1 11 d1ff161e
11 1 0 12 fb01fb01
11 1 1 12 1d6f95e
11 1 0 13 f0810122
11 1 1 13 f2fe0002
11 1 0 14 f5f2fdf8
11 1 1 14 dd064220
11 1 0 15 e5fdfe0c
11 1 1 15 96f3e93c
11 1 0 16 1cf000fc
11 1 1 16 f0f30108
11 1 0 17 1fb01fc
11 1 1 17 fffb0507
11 1 0 18 e015ecf9
11 1 1 18 a17fe800
11 1 0 19 db0609fa
11 1 1 19 4ff37f7
11 1 0 20 fd020cff
11 1 1 20 ed00fd0d
11 1 0 21 f6030e01
11 1 1 21 f9f60701
11 1 0 22 f1fd1102
11 1 1 22 e30336f3
11 1 0 23 2f7fa81
11 1 1 23 32b80ffb
11 1 0 24 f2096e37
11 1 1 24 f30bfa1c
11 1 0 25 fcf809c3
11 1 1 25 f4c5ec
11 1 0 26 5f4d904
11 1 1 26 aa5e88e
11 1 0 27 13e300f3
11 1 1 27 180e1113
11 1 0 28 9ef3921
11 1 1 28 f9ecf5f2
11 1 0 29 4fdfafe
11 1 1 29 fefeff02
11 1 0 30 f14308fc
11 1 1 30 1802fc14
11 1 0 31 30b20c2
11 1 1 31 d5291f3e
11 1 0 32 4090324
11 1 1 32 1409f523
11 1 0 33 324f80c
11 1 1 33 2fbfa0f
11 1 0 34 2106fafb
11 1 1 34 5decbad6
11 1 0 35 3705efbe
11 1 1 35 1005f9fa
11 1 0 36 8d0fcf9
11 1 1 36 1fdc712
11 1 0 37 f9ddf8
11 1 1 37 70181fe
11 1 0 38 8fe0d02
11 1 1 38 1cf8fffa
11 1 0 39 6f60a2e
11 1 1 39 eb180b7f
11 1 0 40 449060a
11 1 1 40 508dc20
11 1 0 41 611f600
11 1 1 41 4d6fd01
11 1 0 42 cee7e20a
11 1 1 42 c8d1e02c
11 1 0 43 dbf32bf7
11 1 1 43 3eeada02
11 1 0 44 fe10f606
11 1 1 44 e70cd214
11 1 0 45 fa04f40c
11 1 1 45 2fe0f00
11 1 0 46 f701f202
11 1 1 46 f6f1b5e3
11 1 0 47 10e01f5
11 1 1 47 53fc5902
11 0 0 0 5e17da9d5
11 0 0 1 7038faebd
11 0 0 2 60ed04afb
11 0 0 3 88b8208ee
11 0 0 4 3b1d00783
11 0 0 5 1b57045cd
11 0 0 6 73a805b54
11 0 0 7 5778fe64a
11 0 0 8 36c5045dc
11 0 0 9 3f94fc477
11 0 0 10 4b65ff909
11 0 0 11 757202488
11 0 0 12 5278fc586
11 0 0 13 3be1ffabd
11 0 0 14 147c021f6
11 0 0 15 16ccfda68
11 0 0 16 5e17da9d5
11 0 0 17 7038faebd
11 0 0 18 60ed04afb
11 0 0 19 88b8208ee
11 0 0 20 3b1d00783
11 0 0 21 1b57045cd
11 0 0 22 73a805b54
11 0 0 23 5778fe64a
11 0 0 24 36c5045dc
11 0 0 25 3f94fc477
11 0 0 26 4b65ff909
11 0 0 27 757202488
11 0 0 28 5278fc586
11 0 0 29 3be1ffabd
11 0 0 30 147c021f6
11 0 0 31 16ccfda68
11 0 0 32 3faaebee7
11 0 0 33 862afb6ac
11 0 0 34 5c1200d26
11 0 0 35 5dd111315
11 0 0 36 571c03319
11 0 0 37 185d01e7f
11 0 0 38 6f9801f14
11 0 0 39 7d43ff628
11 0 0 40 541b00401
11 0 0 41 631bf8e4d
11 0 0 42 5df7ff5e0
11 0 0 43 adc2ff7b3
11 0 0 44 7b9dfc3aa
11 0 0 45 4d22ffd11
11 0 0 46 34e3031d2
11 0 0 47 f86fdbad
11 0 0 48 3faaebee7
11 0 0 49 862afb6ac
11 0 0 50 5c1200d26
11 0 0 51 5dd111315
11 0 0 52 571c03319
11 0 0 53 185d01e7f
11 0 0 54 6f9801f14
11 0 0 55 7d43ff628
11 0 0 56 541b00401
11 0 0 57 631bf8e4d
11 0 0 58 5df7ff5e0
11 0 0 59 adc2ff7b3
11 0 0 60 7b9dfc3aa
11 0 0 61 4d22ffd11
11 0 0 62 34e3031d2
11 0 0 63 f86fdbad
11 0 0 64 1ff9f25ed
11 0 0 65 6d8ffc542
11 0 0 66 34850381d
11 0 0 67 51e0113fc
11 0 0 68 4dbf00f01
11 0 0 69 21fffcc2
11 0 0 70 496e03722
11 0 0 71 973aff279
11 0 0 72 4e6c06774
11 0 0 73 273afee1d
11 0 0 74 3d3600ca4
11 0 0 75 18d7fe19f
11 0 0 76 4770ff12f
11 0 0 77 4fbf01111
11 0 0 78 2af707405
11 0 0 79 1a6cffbf8
11 0 0 80 1ff9f25ed
11 0 0 81 6d8ffc542
11 0 0 82 34850381d
11 0 0 83 51e0113fc
11 0 0 84 4dbf00f01
11 0 0 85 21fffcc2
11 0 0 86 496e03722
11 0 0 87 973aff279
11 0 0 88 4e6c06774
11 0 0 89 273afee1d
11 0 0 90 3d3600ca4
11 0 0 91 18d7fe19f
11 0 0 92 4770ff12f
11 0 0 93 4fbf01111
11 0 0 94 2af707405
11 0 0 95 1a6cffbf8
12 1 0 0 d1c5e04
12 1 1 0 41bf8f7
12 1 2 0 f6fc02fc
12 1 3 0 fb110813
12 1 4 0 10358f5
12 1 5 0 6ea02
12 1 0 1 141009f3
12 1 1 1 151004f3
12 1 2 1 11fc32f6
12 1 3 1 1af102f9
12 1 4 1 10f9f002
12 1 5 1 2ce20c05
12 1 0 2 e58d5f0
12 1 1 2 1a050d0b
12 1 2 2 1b0ce9fa
12 1 3 2 1003f5e4
12 1 4 2 3634ebe8
12 1 5 2 171c43ee
12 1 0 3 1a0ff0f4
12 1 1 3 b04faf0
12 1 2 3 2004daf9
12 1 3 3 50e02fb
12 1 4 3 5fa061a
12 1 5 3 1032e328
12 1 0 4 c12efec
12 1 1 4 21904f7
12 1 2 4 b10e705
12 1 3 4 a19ee08
12 1 4 4 5fde80b
12 1 5 4 1920ea02
12 1 0 5 508f8fc
12 1 1 5 1b1ae3f6
12 1 2 5 20f003f8
12 1 3 5 1cf0f6fa
12 1 4 5 1cfffc06
12 1 5 5 26f1f304
12 1 0 6 e91dc30b
12 1 1 6 a1cdf02
12 1 2 6 3132ff1
12 1 3 6 6e8f8eb
12 1 4 6 2c3fb8e5
12 1 5 6 1e19e1f3
12 1 0 7 202e07eb
12 1 1 7 1222e500
12 1 2 7 35f4f6e1
12 1 3 7 302f201
12 1 4 7 11081eea
12 1 5 7 fb01f400
12 1 0 8 f4414346
12 1 1 8 e036401e
12 1 2 8 f6351dfa
12 1 3 8 fb3f61fa
12 1 4 8 1a334dea
12 1 5 8 3a3522d0
12 1 0 9 24324bda
12 1 1 9 32467fd8
12 1 2 9 6cac2695
12 1 3 9 3ee122da
12 1 4 9 20eb08db
12 1 5 9 73da6281
12 1 0 10 f139f4ff
12 1 1 10 b42e30f
12 1 2 10 7160ae8
12 1 3 10 42c0ee6
12 1 4 10 282cf3ee
12 1 5 10 2a44f0dc
12 1 0 11 171feb0b
12 1 1 11 1e36f2fc
12 1 2 11 2efaf2fa
12 1 3 11 2ceef7d1
12 1 4 11 10fd0ff2
12 1 5 11 25d80dc9
12 1 0 12 fa22dfeb
12 1 1 12 f90af0ee
12 1 2 12 f41de721
12 1 3 12 324de02
12 1 4 12 d0ff2f7
12 1 5 12 e0a170a
12 1 0 13 1116e8fc
12 1 1 13 310dd02
12 1 2 13 1efce8f6
12 1 3 13 1303edfd
12 1 4 13 15f8fcf5
12 1 5 13 320ecadb
12 1 0 14 f524f8fb
12 1 1 14 f31307f9
12 1 2 14 f140f61d
12 1 3 14 e30dfa34
12 1 4 14 2434f0eb
12 1 5 14 102cd8f9
12 1 0 15 222fdedc
12 1 1 15 2929d6e0
12 1 2 15 ef2f80e
12 1 3 15 16fb0eff
12 1 4 15 26eef2da
12 1 5 15 44ae1af7
12 1 0 16 1809f5e0
12 1 1 16 31ae7ea
12 1 2 16 1100fd
12 1 3 16 ff36ef0f
12 1 4 16 4120606
12 1 5 16 120d05f5
12 1 0 17 f1101fd
12 1 1 17 1a180de5
12 1 2 17 140b06f1
12 1 3 17 400f6fe
12 1 4 17 15f7f3f6
12 1 5 17 54ffe0ca
12 1 0 18 f005f2c4
12 1 1 18 f71bff01
12 1 2 18 f52112f7
12 1 3 18 fa14f6
12 1 4 18 ed140dca
12 1 5 18 f40d02f7
12 1 0 19 f3090800
12 1 1 19 fc04fb0d
12 1 2 19 f92a12e0
12 1 3 19 30512f8
12 1 4 19 3ff0506
12 1 5 19 f61ef802
12 1 0 20 fc048f40
12 1 1 20 df9b6df
12 1 2 20 f7f6ec21
12 1 3 20 ef26f6ff
12 1 4 20 f0f71b08
12 1 5 20 a3305d0
12 1 0 21 f80b1000
12 1 1 21 ef1624f8
12 1 2 21 f6e64f15
12 1 3 21 2011df3
12 1 4 21 f4170f10
12 1 5 21 eaef37f1
12 1 0 22 dfd33be3
12 1 1 22 cde61305
12 1 2 22 b2bf1
12 1 3 22 ee033501
12 1 4 22 f1ee02f0
12 1 5 22 b8c31dfd
12 1 0 23 f404fb02
12 1 1 23 fcfff20e
12 1 2 23 6fc02
12 1 3 23 e9ee0e0a
12 1 4 23 fdf6f4f9
12 1 5 23 219f31a
12 1 0 24 8f4b6c4
12 1 1 24 ee0d11ec
12 1 2 24 f80dedbf
12 1 3 24 e423ebf9
12 1 4 24 fb07fbfa
12 1 5 24 ef0918fb
12 1 0 25 f427dbb3
12 1 1 25 de0cf3da
12 1 2 25 f5e242c6
12 1 3 25 f70c020c
12 1 4 25 f70005d9
12 1 5 25 f6fe1ed6
12 1 0 26 9800f3a3
12 1 1 26 ad9c7a9
12 1 2 26 d0bae3c4
12 1 3 26 22d5eb81
12 1 4 26 d4f0faef
12 1 5 26 faa20dbf
12 1 0 27 ce83fff9
12 1 1 27 43d7d5c6
12 1 2 27 d70507cd
12 1 3 27 fded20c2
12 1 4 27 eaef03f2
12 1 5 27 21d3e5b3
12 1 0 28 f537e6f9
12 1 1 28 cd13e9f1
12 1 2 28 f8fce513
12 1 3 28 cdd2ce06
12 1 4 28 e51e0df7
12 1 5 28 dc46f80e
12 1 0 29 ee0706f2
12 1 1 29 92dc1df2
12 1 2 29 e4f1f6fe
12 1 3 29 e811fff3
12 1 4 29 f7fe09f7
12 1 5 29 9df52add
12 1 0 30 d70269f5
12 1 1 30 fafc3101
12 1 2 30 f2d01efb
12 1 3 30 4f23bfa
12 1 4 30 f0e211f9
12 1 5 30 f2f3fe00
12 1 0 31 f1de2efd
12 1 1 31 fefc2006
12 1 2 31 f301df0f
12 1 3 31 fbf4f3fb
12 1 4 31 faef1200
12 1 5 31 f205db0a
12 1 0 32 afe0ae1
12 1 1 32 ecfe20f5
12 1 2 32 f734caf7
12 1 3 32 e9eca5ee
12 1 4 32 e22df9e6
12 1 5 32 f114fd08
12 1 0 33 f24118ea
12 1 1 33 c8fa38d8
12 1 2 33 f30107fe
12 1 3 33 f4030501
12 1 4 33 fa0e17e0
12 1 5 33 eced7bbe
12 1 0 34 ff070812
12 1 1 34 f32109fc
12 1 2 34 e91510e7
12 1 3 34 da480ceb
12 1 4 34 fb02f702
12 1 5 34 ea16fbd6
12 1 0 35 f10d02ee
12 1 1 35 f236f3f7
12 1 2 35 fb25f6f1
12 1 3 35 f110f6fa
12 1 4 35 f90bfb02
12 1 5 35 da21e0f6
12 1 0 36 3242f007
12 1 1 36 f5fbe406
12 1 2 36 d5f4ff02
12 1 3 36 bf16ff15
12 1 4 36 210125fd
12 1 5 36 e6fd07f5
12 1 0 37 be834fe
12 1 1 37 290a2cf4
12 1 2 37 500a12f7
12 1 3 37 35f7fff5
12 1 4 37 aff0705
12 1 5 37 9191809
12 1 0 38 1b9f052
12 1 1 38 7f19100d
12 1 2 38 65170e1a
12 1 3 38 69e20908
12 1 4 38 b801e126
12 1 5 38 e7fb4312
12 1 0 39 f10b021e
12 1 1 39 ef03e419
12 1 2 39 810cdd39
12 1 3 39 b40ef816
12 1 4 39 e5fe0c0f
12 1 5 39 20e50221
12 1 0 40 1afc1bee
12 1 1 40 bbf8081e
12 1 2 40 21fe12f5
12 1 3 40 1c1a210d
12 1 4 40 eaf02ff7
12 1 5 40 1100040d
12 1 0 41 efd0014
12 1 1 41 ed092914
12 1 2 41 2cc61b02
12 1 3 41 22e91f09
12 1 4 41 ce0302fb
12 1 5 41 c4080f12
12 1 0 42 cda63b7f
12 1 1 42 e2102b18
12 1 2 42 7ffbdb1d
12 1 3 42 79d209f5
12 1 4 42 c4fbf328
12 1 5 42 d7041f26
12 1 0 43 e90bc612
12 1 1 43 ef7ec09
12 1 2 43 e2f7fe2e
12 1 3 43 d6fc110e
12 1 4 43 aff7d21a
12 1 5 43 cbdb07e9
12 1 0 44 f7523a4c
12 1 1 44 bad6e643
12 1 2 44 8f0f202c
12 1 3 44 bf5af043
12 1 4 44 300a2211
12 1 5 44 43f2a029
12 1 0 45 4ff932fc
12 1 1 45 e13bfb1c
12 1 2 45 14024631
12 1 3 45 7feaf31b
12 1 4 45 7f022c05
12 1 5 45 e73a025a
12 1 0 46 61ffe860
12 1 1 46 4b392f60
12 1 2 46 edf50721
12 1 3 46 bbc1f11b
12 1 4 46 ac12e42e
12 1 5 46 c62a402f
12 1 0 47 f217f619
12 1 1 47 2e00d02d
12 1 2 47 a4feee36
12 1 3 47 9a181334
12 1 4 47 df08e626
12 1 5 47 45ef012c
12 1 0 48 f9e8151f
12 1 1 48 27f01802
12 1 2 48 dce71149
12 1 3 48 e70e1a10
12 1 4 48 11e61a0a
12 1 5 48 10005f3
12 1 0 49 2af2131f
12 1 1 49 ff80c22
12 1 2 49 e3de0424
12 1 3 49 fefe14fd
12 1 4 49 4be41e0e
12 1 5 49 1aef2947
12 1 0 50 2deb032a
12 1 1 50 6070430
12 1 2 50 5e05ec58
12 1 3 50 16b30b45
12 1 4 50 e514ff25
12 1 5 50 ee120a29
12 1 0 51 a816e537
12 1 1 51 e3ed0111
12 1 2 51 1f31418
12 1 3 51 f502ff23
12 1 4 51 8309ea31
12 1 5 51 abc5e70c
12 1 0 52 9a00150d
12 1 1 52 ece1061b
12 1 2 52 f20cf012
12 1 3 52 b65af545
12 1 4 52 190f010d
12 1 5 52 3f4011f
12 1 0 53 fcf81e10
12 1 1 53 fc16232c
12 1 2 53 480a021c
12 1 3 53 33ff0112
12 1 4 53 2001805
12 1 5 53 f4401d4e
12 1 0 54 ee1d2af5
12 1 1 54 afb0606
12 1 2 54 fbff0302
12 1 3 54 cde0509
12 1 4 54 f713f9
12 1 5 54 1040107
12 1 0 55 f0fa0b00
12 1 1 55 ee1802fe
12 1 2 55 9fe10f3
12 1 3 55 cfb09fc
12 1 4 55 fa080604
12 1 5 55 15f50806
12 1 0 56 351aae0b
12 1 1 56 e1bf9f3
12 1 2 56 11cfbf4
12 1 3 56 ff0df0f1
12 1 4 56 730cbfa
12 1 5 56 fb2ee9f9
12 1 0 57 f60c0503
12 1 1 57 ffef705
12 1 2 57 2631dd01
12 1 3 57 fd20f2fc
12 1 4 57 7fdf9f6
12 1 5 57 e90b12fe
12 1 0 58 1240fd
12 1 1 58 f6162008
12 1 2 58 fe50101
12 1 3 58 fcfd0703
12 1 4 58 8102408
12 1 5 58 c173102
12 1 0 59 60f0d01
12 1 1 59 f011f8fe
12 1 2 59 e8041008
12 1 3 59 7061203
12 1 4 59 f9071004
12 1 5 59 f109ed00
12 1 0 60 449151f
12 1 1 60 b030f06
12 1 2 60 d2c22eb
12 1 3 60 10f11f8
12 1 4 60 53d261f
12 1 5 60 61b1108
12 1 0 61 29251efa
12 1 1 61 1cf519fc
12 1 2 61 23b1f0b
12 1 3 61 10c020f
12 1 4 61 c1000
12 1 5 61 ee1617e6
12 1 0 62 6844d02d
12 1 1 62 4a3aea22
12 1 2 62 4738cf0f
12 1 3 62 363af4fc
12 1 4 62 7f33c319
12 1 5 62 7f30151a
12 1 0 63 7f48c3f6
12 1 1 63 5d5ad2f0
12 1 2 63 522ac61b
12 1 3 63 2d170404
12 1 4 63 3f23e206
12 1 5 63 6e3cd220
12 1 0 64 20091306
12 1 1 64 152f2f0c
12 1 2 64 3181809
12 1 3 64 1e312405
12 1 4 64 f4161e06
12 1 5 64 540231d
12 1 0 65 fe0c2610
12 1 1 65 33254315
12 1 2 65 f072c08
12 1 3 65 c1c1014
12 1 4 65 1040d03
12 1 5 65 44334cfc
12 1 0 66 19f31cba
12 1 1 66 ffdfee4
12 1 2 66 fb0f0f11
12 1 3 66 19f805fa
12 1 4 66 18f6fad8
12 1 5 66 90d0b06
12 1 0 67 f3120915
12 1 1 67 e22afd08
12 1 2 67 f50509e6
12 1 3 67 af408f4
12 1 4 67 100a0b00
12 1 5 67 1cea0c10
12 1 0 68 fc39f389
12 1 1 68 f51a09b6
12 1 2 68 1814e612
12 1 3 68 fe330b15
12 1 4 68 f61514a9
12 1 5 68 10ef09f
12 1 0 69 b1bef18
12 1 1 69 1409251c
12 1 2 69 71609b5
12 1 3 69 fa1301e0
12 1 4 69 fe18f50d
12 1 5 69 e9551005
12 1 0 70 305fdf5
12 1 1 70 a0dfbd8
12 1 2 70 fc1315fd
12 1 3 70 191208
12 1 4 70 913fe05
12 1 5 70 fe0bfdd8
12 1 0 71 f21f08fc
12 1 1 71 ee2e0bfd
12 1 2 71 f80afe06
12 1 3 71 fd0c06eb
12 1 4 71 f90609ff
12 1 5 71 fa1c1204
12 0 0 0 521001eb2
12 0 0 1 759e01f20
12 0 0 2 7e4301dff
12 0 0 3 7f4d02477
12 0 0 4 5f3302b39
12 0 0 5 5a8b02b62
12 0 0 6 646d02ca0
12 0 0 7 5caf028e5
12 0 0 8 694e025ea
12 0 0 9 ae3702864
12 0 0 10 bedf0288f
12 0 0 11 526802bc0
12 0 0 12 521001eb2
12 0 0 13 759e01f20
12 0 0 14 7e4301dff
12 0 0 15 7f4d02477
12 0 0 16 5f3302b39
12 0 0 17 5a8b02b62
12 0 0 18 646d02ca0
12 0 0 19 5caf028e5
12 0 0 20 694e025ea
12 0 0 21 ae3702864
12 0 0 22 bedf0288f
12 0 0 23 526802bc0
12 0 0 24 521001eb2
12 0 0 25 759e01f20
12 0 0 26 7e4301dff
12 0 0 27 7f4d02477
12 0 0 28 5f3302b39
12 0 0 29 5a8b02b62
12 0 0 30 646d02ca0
12 0 0 31 5caf028e5
12 0 0 32 694e025ea
12 0 0 33 ae3702864
12 0 0 34 bedf0288f
12 0 0 35 526802bc0
12 0 0 36 521001eb2
12 0 0 37 759e01f20
12 0 0 38 7e4301dff
12 0 0 39 7f4d02477
12 0 0 40 5f3302b39
12 0 0 41 5a8b02b62
12 0 0 42 646d02ca0
12 0 0 43 5caf028e5
12 0 0 44 694e025ea
12 0 0 45 ae3702864
12 0 0 46 bedf0288f
12 0 0 47 526802bc0
12 0 0 48 521001eb2
12 0 0 49 759e01f20
12 0 0 50 7e4301dff
12 0 0 51 7f4d02477
12 0 0 52 5f3302b39
12 0 0 53 5a8b02b62
12 0 0 54 646d02ca0
12 0 0 55 5caf028e5
12 0 0 56 694e025ea
12 0 0 57 ae3702864
12 0 0 58 bedf0288f
12 0 0 59 526802bc0
12 0 0 60 521001eb2
12 0 0 61 759e01f20
12 0 0 62 7e4301dff
12 0 0 63 7f4d02477
12 0 0 64 5f3302b39
12 0 0 65 5a8b02b62
12 0 0 66 646d02ca0
12 0 0 67 5caf028e5
12 0 0 68 694e025ea
12 0 0 69 ae3702864
12 0 0 70 bedf0288f
12 0 0 71 526802bc0
