style 0
arm 0
cfg 16 356529775 1
cfg 17 1855971503 0
cfg 18 3675260048 3
cfg 19 583021507 1
cfg 20 3677348218 1
cfg 21 1185942773 4
cfg 22 3079656066 0
cfg 23 1781539005 1
cfg 24 1016071488 4
cfg 25 1548746989 8
cfg 26 2789212300 5
cfg 27 3991917818 0
cfg 28 2862614188 3
cfg 29 2845841698 0
cfg 30 879754423 5
cfg 31 80741113 10
style 1
arm 1
cfg 65536 3920628232 7
cfg 65537 263197531 2
cfg 65538 4081068526 2
cfg 65539 3958376286 3
cfg 65540 3581943004 1
cfg 65541 1564476188 5
cfg 65542 3634368240 0
cfg 65543 498081638 9
cfg 65544 259003471 7
cfg 65545 3559920587 9
cfg 65546 2791315486 3
cfg 65547 3021994085 2
cfg 65548 309328726 2
cfg 65549 1631593069 3
cfg 65550 987761865 0
cfg 65551 214959407 2
cfg 65552 2948602963 1
cfg 65553 848299785 1
cfg 65554 3416264145 1
cfg 65555 2490373788 9
cfg 65556 570427642 2
cfg 65557 1547700860 6
cfg 65558 2208310620 9
cfg 65559 828379692 8
cfg 0 356529775 1
cfg 1 1855971503 0
cfg 2 3675260048 3
cfg 3 583021507 1
cfg 4 3677348218 1
cfg 5 1185942773 4
cfg 6 3079656066 0
cfg 7 1781539005 1
cfg 8 1016071488 4
cfg 9 1548746989 8
cfg 10 2789212300 5
cfg 11 3991917818 0
cfg 12 2862614188 3
cfg 13 2845841698 0
cfg 14 879754423 5
cfg 15 80741113 10
style 0
arm 2
cfg 131096 993015990 0
cfg 131097 1886383295 0
cfg 131098 2797617471 0
cfg 131099 2537553276 0
cfg 131100 1807744431 0
cfg 131101 367001827 0
cfg 131102 2465203889 0
cfg 131103 378543617 0
cfg 131104 806355596 0
cfg 131105 385875783 0
cfg 131106 1593835776 0
cfg 131107 743441542 0
cfg 131108 1282404934 0
cfg 131109 2649744973 0
cfg 131110 18841206 3
cfg 131111 3576690617 0
cfg 131112 256908606 0
cfg 131113 1910500281 2
cfg 131114 3408917994 1
cfg 131115 606076540 0
cfg 131116 2388657321 1
cfg 131117 1072694489 0
cfg 131118 1570760738 0
cfg 131119 588252984 0
cfg 65560 3920628232 7
cfg 65561 263197531 2
cfg 65562 4081068526 2
cfg 65563 3958376286 3
cfg 65564 3581943004 1
cfg 65565 1564476188 5
cfg 65566 3634368240 0
cfg 65567 498081638 9
cfg 65568 259003471 7
cfg 65569 3559920587 9
cfg 65570 2791315486 3
cfg 65571 3021994085 2
cfg 65572 309328726 2
cfg 65573 1631593069 3
cfg 65574 987761865 0
cfg 65575 214959407 2
cfg 65576 2948602963 1
cfg 65577 848299785 1
cfg 65578 3416264145 1
cfg 65579 2490373788 9
cfg 65580 570427642 2
cfg 65581 1547700860 6
cfg 65582 2208310620 9
cfg 65583 828379692 8
style 1
arm 3
cfg 196608 519048559 0
cfg 196609 54525118 0
cfg 196610 139470676 0
cfg 196611 326103719 0
cfg 196612 234880442 0
cfg 196613 1319111321 0
cfg 196614 176164434 0
cfg 196615 363861444 0
cfg 196616 555749539 0
cfg 196617 19927162 0
cfg 196618 1674575262 0
cfg 196619 681576760 0
cfg 196620 1444935646 0
cfg 196621 422585050 0
cfg 196622 2213525138 0
cfg 196623 1580204393 0
cfg 196624 391125045 0
cfg 196625 556796909 0
cfg 196626 267390912 0
cfg 196627 249566315 0
cfg 196628 654316945 0
cfg 196629 418392723 0
cfg 196630 829431426 0
cfg 196631 48234927 0
cfg 131072 993015990 0
cfg 131073 1886383295 0
cfg 131074 2797617471 0
cfg 131075 2537553276 0
cfg 131076 1807744431 0
cfg 131077 367001827 0
cfg 131078 2465203889 0
cfg 131079 378543617 0
cfg 131080 806355596 0
cfg 131081 385875783 0
cfg 131082 1593835776 0
cfg 131083 743441542 0
cfg 131084 1282404934 0
cfg 131085 2649744973 0
cfg 131086 18841206 3
cfg 131087 3576690617 0
cfg 131088 256908606 0
cfg 131089 1910500281 2
cfg 131090 3408917994 1
cfg 131091 606076540 0
cfg 131092 2388657321 1
cfg 131093 1072694489 0
cfg 131094 1570760738 0
cfg 131095 588252984 0
style 0
arm 4
cfg 262168 1186993389 1
cfg 262169 1634740877 2
cfg 262170 3235887426 0
cfg 262171 1384114592 3
cfg 262172 241173619 1
cfg 262173 228583465 1
cfg 262174 207616104 2
cfg 262175 1435484951 0
cfg 262176 885003367 0
cfg 262177 596652627 1
cfg 262178 2955927403 0
cfg 262179 494928438 0
cfg 262180 1845485998 0
cfg 262181 3813696781 0
cfg 262182 1743783266 0
cfg 262183 1159729599 0
cfg 262184 1830825809 0
cfg 262185 3961522099 1
cfg 262186 417329465 1
cfg 262187 602932466 1
cfg 262188 1692400665 0
cfg 262189 2740976495 0
cfg 262190 2789239800 1
cfg 262191 3579849656 0
cfg 196632 519048559 0
cfg 196633 54525118 0
cfg 196634 139470676 0
cfg 196635 326103719 0
cfg 196636 234880442 0
cfg 196637 1319111321 0
cfg 196638 176164434 0
cfg 196639 363861444 0
cfg 196640 555749539 0
cfg 196641 19927162 0
cfg 196642 1674575262 0
cfg 196643 681576760 0
cfg 196644 1444935646 0
cfg 196645 422585050 0
cfg 196646 2213525138 0
cfg 196647 1580204393 0
cfg 196648 391125045 0
cfg 196649 556796909 0
cfg 196650 267390912 0
cfg 196651 249566315 0
cfg 196652 654316945 0
cfg 196653 418392723 0
cfg 196654 829431426 0
cfg 196655 48234927 0
style 1
arm 5
cfg 327680 565188682 0
cfg 327681 1103106352 0
cfg 327682 127934644 0
cfg 327683 217053630 0
cfg 327684 512746378 0
cfg 327685 200277932 0
cfg 327686 128973704 0
cfg 327687 377491295 0
cfg 327688 546314381 0
cfg 327689 607142299 0
cfg 327690 276826641 0
cfg 327691 1114636008 0
cfg 327692 91227106 0
cfg 327693 175111918 0
cfg 327694 428867156 0
cfg 327695 298845599 0
cfg 327696 265292042 0
cfg 327697 868233114 0
cfg 327698 466614014 0
cfg 327699 383776531 0
cfg 327700 286264050 0
cfg 327701 380637349 0
cfg 327702 423633202 0
cfg 327703 654299664 0
cfg 262144 1186993389 1
cfg 262145 1634740877 2
cfg 262146 3235887426 0
cfg 262147 1384114592 3
cfg 262148 241173619 1
cfg 262149 228583465 1
cfg 262150 207616104 2
cfg 262151 1435484951 0
cfg 262152 885003367 0
cfg 262153 596652627 1
cfg 262154 2955927403 0
cfg 262155 494928438 0
cfg 262156 1845485998 0
cfg 262157 3813696781 0
cfg 262158 1743783266 0
cfg 262159 1159729599 0
cfg 262160 1830825809 0
cfg 262161 3961522099 1
cfg 262162 417329465 1
cfg 262163 602932466 1
cfg 262164 1692400665 0
cfg 262165 2740976495 0
cfg 262166 2789239800 1
cfg 262167 3579849656 0
style 0
arm 6
cfg 393240 3555721421 0
cfg 393241 1456470078 1
cfg 393242 2760895535 2
cfg 393243 44042978 3
cfg 393244 3126856379 1
cfg 393245 3068137884 1
cfg 393246 4096787149 5
cfg 393247 2556413661 1
cfg 393248 3303015806 0
cfg 393249 1466953391 0
cfg 393250 1721758346 0
cfg 393251 1661989205 0
cfg 393252 3682596088 2
cfg 393253 405804160 1
cfg 393254 3689941307 0
cfg 393255 789573668 1
cfg 393256 3369075288 1
cfg 393257 1772098177 0
cfg 393258 3757044931 0
cfg 393259 52428954 1
cfg 393260 1539316121 1
cfg 393261 3185570824 0
cfg 393262 1600118509 0
cfg 393263 1354764377 1
cfg 327704 565188682 0
cfg 327705 1103106352 0
cfg 327706 127934644 0
cfg 327707 217053630 0
cfg 327708 512746378 0
cfg 327709 200277932 0
cfg 327710 128973704 0
cfg 327711 377491295 0
cfg 327712 546314381 0
cfg 327713 607142299 0
cfg 327714 276826641 0
cfg 327715 1114636008 0
cfg 327716 91227106 0
cfg 327717 175111918 0
cfg 327718 428867156 0
cfg 327719 298845599 0
cfg 327720 265292042 0
cfg 327721 868233114 0
cfg 327722 466614014 0
cfg 327723 383776531 0
cfg 327724 286264050 0
cfg 327725 380637349 0
cfg 327726 423633202 0
cfg 327727 654299664 0
style 1
arm 7
cfg 458752 407894614 0
cfg 458753 868226470 0
cfg 458754 221252170 0
cfg 458755 1269810763 1
cfg 458756 1170211587 0
cfg 458757 1033901648 0
cfg 458758 102765720 1
cfg 458759 655365478 0
cfg 458760 747631854 0
cfg 458761 1126177110 0
cfg 458762 811599897 0
cfg 458763 1191185030 0
cfg 458764 514852519 0
cfg 458765 421528371 0
cfg 458766 1340083432 0
cfg 458767 645923177 0
cfg 458768 1444934161 0
cfg 458769 2907704851 0
cfg 458770 1407194440 0
cfg 458771 2239756181 0
cfg 458772 911216380 0
cfg 458773 1149233295 0
cfg 458774 379585361 0
cfg 458775 707793807 0
cfg 393216 3555721421 0
cfg 393217 1456470078 1
cfg 393218 2760895535 2
cfg 393219 44042978 3
cfg 393220 3126856379 1
cfg 393221 3068137884 1
cfg 393222 4096787149 5
cfg 393223 2556413661 1
cfg 393224 3303015806 0
cfg 393225 1466953391 0
cfg 393226 1721758346 0
cfg 393227 1661989205 0
cfg 393228 3682596088 2
cfg 393229 405804160 1
cfg 393230 3689941307 0
cfg 393231 789573668 1
cfg 393232 3369075288 1
cfg 393233 1772098177 0
cfg 393234 3757044931 0
cfg 393235 52428954 1
cfg 393236 1539316121 1
cfg 393237 3185570824 0
cfg 393238 1600118509 0
cfg 393239 1354764377 1
style 0
arm 8
cfg 524312 60817921 1
cfg 524313 3098539732 0
cfg 524314 836757251 1
cfg 524315 3589273854 4
cfg 524316 2429557109 0
cfg 524317 1745878445 0
cfg 524318 3339715084 0
cfg 524319 2062553449 0
cfg 524320 514851257 0
cfg 524321 433064089 0
cfg 524322 3602906277 0
cfg 524323 913313536 0
cfg 524324 3555724968 1
cfg 524325 768608690 1
cfg 524326 30409168 2
cfg 524327 3102734374 0
cfg 524328 459278642 0
cfg 524329 2031094672 0
cfg 524330 3329230624 0
cfg 524331 1552939477 0
cfg 524332 1147144470 0
cfg 524333 3131048288 0
cfg 524334 1925187087 0
cfg 524335 617611208 0
cfg 458776 407894614 0
cfg 458777 868226470 0
cfg 458778 221252170 0
cfg 458779 1269810763 1
cfg 458780 1170211587 0
cfg 458781 1033901648 0
cfg 458782 102765720 1
cfg 458783 655365478 0
cfg 458784 747631854 0
cfg 458785 1126177110 0
cfg 458786 811599897 0
cfg 458787 1191185030 0
cfg 458788 514852519 0
cfg 458789 421528371 0
cfg 458790 1340083432 0
cfg 458791 645923177 0
cfg 458792 1444934161 0
cfg 458793 2907704851 0
cfg 458794 1407194440 0
cfg 458795 2239756181 0
cfg 458796 911216380 0
cfg 458797 1149233295 0
cfg 458798 379585361 0
cfg 458799 707793807 0
style 1
arm 9
cfg 589824 2187328990 0
cfg 589825 1657797421 0
cfg 589826 762313867 0
cfg 589827 961542063 0
cfg 589828 976225007 0
cfg 589829 944764153 0
cfg 589830 2291139358 0
cfg 589831 651168682 0
cfg 589832 1212153463 0
cfg 589833 1340082105 0
cfg 589834 463471032 0
cfg 589835 1110444042 0
cfg 589836 1369440390 0
cfg 589837 1148189269 0
cfg 589838 999294397 0
cfg 589839 1244660357 0
cfg 589840 908069441 0
cfg 589841 2672821754 0
cfg 589842 1951399144 0
cfg 589843 1221590053 0
cfg 589844 519043184 0
cfg 589845 758120795 0
cfg 589846 570425258 0
cfg 589847 1134562333 0
cfg 524288 60817921 1
cfg 524289 3098539732 0
cfg 524290 836757251 1
cfg 524291 3589273854 4
cfg 524292 2429557109 0
cfg 524293 1745878445 0
cfg 524294 3339715084 0
cfg 524295 2062553449 0
cfg 524296 514851257 0
cfg 524297 433064089 0
cfg 524298 3602906277 0
cfg 524299 913313536 0
cfg 524300 3555724968 1
cfg 524301 768608690 1
cfg 524302 30409168 2
cfg 524303 3102734374 0
cfg 524304 459278642 0
cfg 524305 2031094672 0
cfg 524306 3329230624 0
cfg 524307 1552939477 0
cfg 524308 1147144470 0
cfg 524309 3131048288 0
cfg 524310 1925187087 0
cfg 524311 617611208 0
style 0
arm 10
cfg 655384 3522167054 1
cfg 655385 294651880 2
cfg 655386 922762145 3
cfg 655387 3532651740 3
cfg 655388 126884620 1
cfg 655389 1848640428 2
cfg 655390 558891371 7
cfg 655391 2186289812 1
cfg 655392 912257458 2
cfg 655393 122678645 2
cfg 655394 3127900598 3
cfg 655395 3521115865 1
cfg 655396 3752859985 0
cfg 655397 144712429 2
cfg 655398 511702143 9
cfg 655399 1062206664 4
cfg 655400 4027590629 0
cfg 655401 2755659954 2
cfg 655402 4054851264 1
cfg 655403 4100979845 0
cfg 655404 1680863564 2
cfg 655405 4180668775 1
cfg 655406 3078634646 4
cfg 655407 3879729486 1
cfg 589848 2187328990 0
cfg 589849 1657797421 0
cfg 589850 762313867 0
cfg 589851 961542063 0
cfg 589852 976225007 0
cfg 589853 944764153 0
cfg 589854 2291139358 0
cfg 589855 651168682 0
cfg 589856 1212153463 0
cfg 589857 1340082105 0
cfg 589858 463471032 0
cfg 589859 1110444042 0
cfg 589860 1369440390 0
cfg 589861 1148189269 0
cfg 589862 999294397 0
cfg 589863 1244660357 0
cfg 589864 908069441 0
cfg 589865 2672821754 0
cfg 589866 1951399144 0
cfg 589867 1221590053 0
cfg 589868 519043184 0
cfg 589869 758120795 0
cfg 589870 570425258 0
cfg 589871 1134562333 0
style 1
arm 11
cfg 720896 3139365574 4
cfg 720897 1758459030 6
cfg 720898 2296388894 4
cfg 720899 1334894857 6
cfg 720900 303039535 3
cfg 720901 4071629316 1
cfg 720902 4168104766 6
cfg 720903 1853871146 4
cfg 720904 1315972681 2
cfg 720905 2429540320 3
cfg 720906 537918916 5
cfg 720907 1694504481 7
cfg 720908 3381649881 4
cfg 720909 641728389 4
cfg 720910 387977777 1
cfg 720911 1656747016 1
cfg 655360 3522167054 1
cfg 655361 294651880 2
cfg 655362 922762145 3
cfg 655363 3532651740 3
cfg 655364 126884620 1
cfg 655365 1848640428 2
cfg 655366 558891371 7
cfg 655367 2186289812 1
cfg 655368 912257458 2
cfg 655369 122678645 2
cfg 655370 3127900598 3
cfg 655371 3521115865 1
cfg 655372 3752859985 0
cfg 655373 144712429 2
cfg 655374 511702143 9
cfg 655375 1062206664 4
cfg 655376 4027590629 0
cfg 655377 2755659954 2
cfg 655378 4054851264 1
cfg 655379 4100979845 0
cfg 655380 1680863564 2
cfg 655381 4180668775 1
cfg 655382 3078634646 4
cfg 655383 3879729486 1
style 0
arm 0
cfg 16 356529775 1
cfg 17 1855971503 0
cfg 18 3675260048 3
cfg 19 583021507 1
cfg 20 3677348218 1
cfg 21 1185942773 4
cfg 22 3079656066 0
cfg 23 1781539005 1
cfg 24 1016071488 4
cfg 25 1548746989 8
cfg 26 2789212300 5
cfg 27 3991917818 0
cfg 28 2862614188 3
cfg 29 2845841698 0
cfg 30 879754423 5
cfg 31 80741113 10
cfg 720912 3139365574 4
cfg 720913 1758459030 6
cfg 720914 2296388894 4
cfg 720915 1334894857 6
cfg 720916 303039535 3
cfg 720917 4071629316 1
cfg 720918 4168104766 6
cfg 720919 1853871146 4
cfg 720920 1315972681 2
cfg 720921 2429540320 3
cfg 720922 537918916 5
cfg 720923 1694504481 7
cfg 720924 3381649881 4
cfg 720925 641728389 4
cfg 720926 387977777 1
cfg 720927 1656747016 1
style 1
arm 1
cfg 65536 3920628232 7
cfg 65537 263197531 2
cfg 65538 4081068526 2
cfg 65539 3958376286 3
cfg 65540 3581943004 1
cfg 65541 1564476188 5
cfg 65542 3634368240 0
cfg 65543 498081638 9
cfg 65544 259003471 7
cfg 65545 3559920587 9
cfg 65546 2791315486 3
cfg 65547 3021994085 2
cfg 65548 309328726 2
cfg 65549 1631593069 3
cfg 65550 987761865 0
cfg 65551 214959407 2
cfg 65552 2948602963 1
cfg 65553 848299785 1
cfg 65554 3416264145 1
cfg 65555 2490373788 9
cfg 65556 570427642 2
cfg 65557 1547700860 6
cfg 65558 2208310620 9
cfg 65559 828379692 8
cfg 0 356529775 1
cfg 1 1855971503 0
cfg 2 3675260048 3
cfg 3 583021507 1
cfg 4 3677348218 1
cfg 5 1185942773 4
cfg 6 3079656066 0
cfg 7 1781539005 1
cfg 8 1016071488 4
cfg 9 1548746989 8
cfg 10 2789212300 5
cfg 11 3991917818 0
cfg 12 2862614188 3
cfg 13 2845841698 0
cfg 14 879754423 5
cfg 15 80741113 10
style 0
arm 2
cfg 131096 993015990 0
cfg 131097 1886383295 0
cfg 131098 2797617471 0
cfg 131099 2537553276 0
cfg 131100 1807744431 0
cfg 131101 367001827 0
cfg 131102 2465203889 0
cfg 131103 378543617 0
cfg 131104 806355596 0
cfg 131105 385875783 0
cfg 131106 1593835776 0
cfg 131107 743441542 0
cfg 131108 1282404934 0
cfg 131109 2649744973 0
cfg 131110 18841206 3
cfg 131111 3576690617 0
cfg 131112 256908606 0
cfg 131113 1910500281 2
cfg 131114 3408917994 1
cfg 131115 606076540 0
cfg 131116 2388657321 1
cfg 131117 1072694489 0
cfg 131118 1570760738 0
cfg 131119 588252984 0
cfg 65560 3920628232 7
cfg 65561 263197531 2
cfg 65562 4081068526 2
cfg 65563 3958376286 3
cfg 65564 3581943004 1
cfg 65565 1564476188 5
cfg 65566 3634368240 0
cfg 65567 498081638 9
cfg 65568 259003471 7
cfg 65569 3559920587 9
cfg 65570 2791315486 3
cfg 65571 3021994085 2
cfg 65572 309328726 2
cfg 65573 1631593069 3
cfg 65574 987761865 0
cfg 65575 214959407 2
cfg 65576 2948602963 1
cfg 65577 848299785 1
cfg 65578 3416264145 1
cfg 65579 2490373788 9
cfg 65580 570427642 2
cfg 65581 1547700860 6
cfg 65582 2208310620 9
cfg 65583 828379692 8
style 1
arm 3
cfg 196608 519048559 0
cfg 196609 54525118 0
cfg 196610 139470676 0
cfg 196611 326103719 0
cfg 196612 234880442 0
cfg 196613 1319111321 0
cfg 196614 176164434 0
cfg 196615 363861444 0
cfg 196616 555749539 0
cfg 196617 19927162 0
cfg 196618 1674575262 0
cfg 196619 681576760 0
cfg 196620 1444935646 0
cfg 196621 422585050 0
cfg 196622 2213525138 0
cfg 196623 1580204393 0
cfg 196624 391125045 0
cfg 196625 556796909 0
cfg 196626 267390912 0
cfg 196627 249566315 0
cfg 196628 654316945 0
cfg 196629 418392723 0
cfg 196630 829431426 0
cfg 196631 48234927 0
cfg 131072 993015990 0
cfg 131073 1886383295 0
cfg 131074 2797617471 0
cfg 131075 2537553276 0
cfg 131076 1807744431 0
cfg 131077 367001827 0
cfg 131078 2465203889 0
cfg 131079 378543617 0
cfg 131080 806355596 0
cfg 131081 385875783 0
cfg 131082 1593835776 0
cfg 131083 743441542 0
cfg 131084 1282404934 0
cfg 131085 2649744973 0
cfg 131086 18841206 3
cfg 131087 3576690617 0
cfg 131088 256908606 0
cfg 131089 1910500281 2
cfg 131090 3408917994 1
cfg 131091 606076540 0
cfg 131092 2388657321 1
cfg 131093 1072694489 0
cfg 131094 1570760738 0
cfg 131095 588252984 0
style 0
arm 4
cfg 262168 1186993389 1
cfg 262169 1634740877 2
cfg 262170 3235887426 0
cfg 262171 1384114592 3
cfg 262172 241173619 1
cfg 262173 228583465 1
cfg 262174 207616104 2
cfg 262175 1435484951 0
cfg 262176 885003367 0
cfg 262177 596652627 1
cfg 262178 2955927403 0
cfg 262179 494928438 0
cfg 262180 1845485998 0
cfg 262181 3813696781 0
cfg 262182 1743783266 0
cfg 262183 1159729599 0
cfg 262184 1830825809 0
cfg 262185 3961522099 1
cfg 262186 417329465 1
cfg 262187 602932466 1
cfg 262188 1692400665 0
cfg 262189 2740976495 0
cfg 262190 2789239800 1
cfg 262191 3579849656 0
cfg 196632 519048559 0
cfg 196633 54525118 0
cfg 196634 139470676 0
cfg 196635 326103719 0
cfg 196636 234880442 0
cfg 196637 1319111321 0
cfg 196638 176164434 0
cfg 196639 363861444 0
cfg 196640 555749539 0
cfg 196641 19927162 0
cfg 196642 1674575262 0
cfg 196643 681576760 0
cfg 196644 1444935646 0
cfg 196645 422585050 0
cfg 196646 2213525138 0
cfg 196647 1580204393 0
cfg 196648 391125045 0
cfg 196649 556796909 0
cfg 196650 267390912 0
cfg 196651 249566315 0
cfg 196652 654316945 0
cfg 196653 418392723 0
cfg 196654 829431426 0
cfg 196655 48234927 0
style 1
arm 5
cfg 327680 565188682 0
cfg 327681 1103106352 0
cfg 327682 127934644 0
cfg 327683 217053630 0
cfg 327684 512746378 0
cfg 327685 200277932 0
cfg 327686 128973704 0
cfg 327687 377491295 0
cfg 327688 546314381 0
cfg 327689 607142299 0
cfg 327690 276826641 0
cfg 327691 1114636008 0
cfg 327692 91227106 0
cfg 327693 175111918 0
cfg 327694 428867156 0
cfg 327695 298845599 0
cfg 327696 265292042 0
cfg 327697 868233114 0
cfg 327698 466614014 0
cfg 327699 383776531 0
cfg 327700 286264050 0
cfg 327701 380637349 0
cfg 327702 423633202 0
cfg 327703 654299664 0
cfg 262144 1186993389 1
cfg 262145 1634740877 2
cfg 262146 3235887426 0
cfg 262147 1384114592 3
cfg 262148 241173619 1
cfg 262149 228583465 1
cfg 262150 207616104 2
cfg 262151 1435484951 0
cfg 262152 885003367 0
cfg 262153 596652627 1
cfg 262154 2955927403 0
cfg 262155 494928438 0
cfg 262156 1845485998 0
cfg 262157 3813696781 0
cfg 262158 1743783266 0
cfg 262159 1159729599 0
cfg 262160 1830825809 0
cfg 262161 3961522099 1
cfg 262162 417329465 1
cfg 262163 602932466 1
cfg 262164 1692400665 0
cfg 262165 2740976495 0
cfg 262166 2789239800 1
cfg 262167 3579849656 0
style 0
arm 6
cfg 393240 3555721421 0
cfg 393241 1456470078 1
cfg 393242 2760895535 2
cfg 393243 44042978 3
cfg 393244 3126856379 1
cfg 393245 3068137884 1
cfg 393246 4096787149 5
cfg 393247 2556413661 1
cfg 393248 3303015806 0
cfg 393249 1466953391 0
cfg 393250 1721758346 0
cfg 393251 1661989205 0
cfg 393252 3682596088 2
cfg 393253 405804160 1
cfg 393254 3689941307 0
cfg 393255 789573668 1
cfg 393256 3369075288 1
cfg 393257 1772098177 0
cfg 393258 3757044931 0
cfg 393259 52428954 1
cfg 393260 1539316121 1
cfg 393261 3185570824 0
cfg 393262 1600118509 0
cfg 393263 1354764377 1
cfg 327704 565188682 0
cfg 327705 1103106352 0
cfg 327706 127934644 0
cfg 327707 217053630 0
cfg 327708 512746378 0
cfg 327709 200277932 0
cfg 327710 128973704 0
cfg 327711 377491295 0
cfg 327712 546314381 0
cfg 327713 607142299 0
cfg 327714 276826641 0
cfg 327715 1114636008 0
cfg 327716 91227106 0
cfg 327717 175111918 0
cfg 327718 428867156 0
cfg 327719 298845599 0
cfg 327720 265292042 0
cfg 327721 868233114 0
cfg 327722 466614014 0
cfg 327723 383776531 0
cfg 327724 286264050 0
cfg 327725 380637349 0
cfg 327726 423633202 0
cfg 327727 654299664 0
style 1
arm 7
cfg 458752 407894614 0
cfg 458753 868226470 0
cfg 458754 221252170 0
cfg 458755 1269810763 1
cfg 458756 1170211587 0
cfg 458757 1033901648 0
cfg 458758 102765720 1
cfg 458759 655365478 0
cfg 458760 747631854 0
cfg 458761 1126177110 0
cfg 458762 811599897 0
cfg 458763 1191185030 0
cfg 458764 514852519 0
cfg 458765 421528371 0
cfg 458766 1340083432 0
cfg 458767 645923177 0
cfg 458768 1444934161 0
cfg 458769 2907704851 0
cfg 458770 1407194440 0
cfg 458771 2239756181 0
cfg 458772 911216380 0
cfg 458773 1149233295 0
cfg 458774 379585361 0
cfg 458775 707793807 0
cfg 393216 3555721421 0
cfg 393217 1456470078 1
cfg 393218 2760895535 2
cfg 393219 44042978 3
cfg 393220 3126856379 1
cfg 393221 3068137884 1
cfg 393222 4096787149 5
cfg 393223 2556413661 1
cfg 393224 3303015806 0
cfg 393225 1466953391 0
cfg 393226 1721758346 0
cfg 393227 1661989205 0
cfg 393228 3682596088 2
cfg 393229 405804160 1
cfg 393230 3689941307 0
cfg 393231 789573668 1
cfg 393232 3369075288 1
cfg 393233 1772098177 0
cfg 393234 3757044931 0
cfg 393235 52428954 1
cfg 393236 1539316121 1
cfg 393237 3185570824 0
cfg 393238 1600118509 0
cfg 393239 1354764377 1
style 0
arm 8
cfg 524312 60817921 1
cfg 524313 3098539732 0
cfg 524314 836757251 1
cfg 524315 3589273854 4
cfg 524316 2429557109 0
cfg 524317 1745878445 0
cfg 524318 3339715084 0
cfg 524319 2062553449 0
cfg 524320 514851257 0
cfg 524321 433064089 0
cfg 524322 3602906277 0
cfg 524323 913313536 0
cfg 524324 3555724968 1
cfg 524325 768608690 1
cfg 524326 30409168 2
cfg 524327 3102734374 0
cfg 524328 459278642 0
cfg 524329 2031094672 0
cfg 524330 3329230624 0
cfg 524331 1552939477 0
cfg 524332 1147144470 0
cfg 524333 3131048288 0
cfg 524334 1925187087 0
cfg 524335 617611208 0
cfg 458776 407894614 0
cfg 458777 868226470 0
cfg 458778 221252170 0
cfg 458779 1269810763 1
cfg 458780 1170211587 0
cfg 458781 1033901648 0
cfg 458782 102765720 1
cfg 458783 655365478 0
cfg 458784 747631854 0
cfg 458785 1126177110 0
cfg 458786 811599897 0
cfg 458787 1191185030 0
cfg 458788 514852519 0
cfg 458789 421528371 0
cfg 458790 1340083432 0
cfg 458791 645923177 0
cfg 458792 1444934161 0
cfg 458793 2907704851 0
cfg 458794 1407194440 0
cfg 458795 2239756181 0
cfg 458796 911216380 0
cfg 458797 1149233295 0
cfg 458798 379585361 0
cfg 458799 707793807 0
style 1
arm 9
cfg 589824 2187328990 0
cfg 589825 1657797421 0
cfg 589826 762313867 0
cfg 589827 961542063 0
cfg 589828 976225007 0
cfg 589829 944764153 0
cfg 589830 2291139358 0
cfg 589831 651168682 0
cfg 589832 1212153463 0
cfg 589833 1340082105 0
cfg 589834 463471032 0
cfg 589835 1110444042 0
cfg 589836 1369440390 0
cfg 589837 1148189269 0
cfg 589838 999294397 0
cfg 589839 1244660357 0
cfg 589840 908069441 0
cfg 589841 2672821754 0
cfg 589842 1951399144 0
cfg 589843 1221590053 0
cfg 589844 519043184 0
cfg 589845 758120795 0
cfg 589846 570425258 0
cfg 589847 1134562333 0
cfg 524288 60817921 1
cfg 524289 3098539732 0
cfg 524290 836757251 1
cfg 524291 3589273854 4
cfg 524292 2429557109 0
cfg 524293 1745878445 0
cfg 524294 3339715084 0
cfg 524295 2062553449 0
cfg 524296 514851257 0
cfg 524297 433064089 0
cfg 524298 3602906277 0
cfg 524299 913313536 0
cfg 524300 3555724968 1
cfg 524301 768608690 1
cfg 524302 30409168 2
cfg 524303 3102734374 0
cfg 524304 459278642 0
cfg 524305 2031094672 0
cfg 524306 3329230624 0
cfg 524307 1552939477 0
cfg 524308 1147144470 0
cfg 524309 3131048288 0
cfg 524310 1925187087 0
cfg 524311 617611208 0
style 0
arm 10
cfg 655384 3522167054 1
cfg 655385 294651880 2
cfg 655386 922762145 3
cfg 655387 3532651740 3
cfg 655388 126884620 1
cfg 655389 1848640428 2
cfg 655390 558891371 7
cfg 655391 2186289812 1
cfg 655392 912257458 2
cfg 655393 122678645 2
cfg 655394 3127900598 3
cfg 655395 3521115865 1
cfg 655396 3752859985 0
cfg 655397 144712429 2
cfg 655398 511702143 9
cfg 655399 1062206664 4
cfg 655400 4027590629 0
cfg 655401 2755659954 2
cfg 655402 4054851264 1
cfg 655403 4100979845 0
cfg 655404 1680863564 2
cfg 655405 4180668775 1
cfg 655406 3078634646 4
cfg 655407 3879729486 1
cfg 589848 2187328990 0
cfg 589849 1657797421 0
cfg 589850 762313867 0
cfg 589851 961542063 0
cfg 589852 976225007 0
cfg 589853 944764153 0
cfg 589854 2291139358 0
cfg 589855 651168682 0
cfg 589856 1212153463 0
cfg 589857 1340082105 0
cfg 589858 463471032 0
cfg 589859 1110444042 0
cfg 589860 1369440390 0
cfg 589861 1148189269 0
cfg 589862 999294397 0
cfg 589863 1244660357 0
cfg 589864 908069441 0
cfg 589865 2672821754 0
cfg 589866 1951399144 0
cfg 589867 1221590053 0
cfg 589868 519043184 0
cfg 589869 758120795 0
cfg 589870 570425258 0
cfg 589871 1134562333 0
style 1
arm 11
cfg 720896 3139365574 4
cfg 720897 1758459030 6
cfg 720898 2296388894 4
cfg 720899 1334894857 6
cfg 720900 303039535 3
cfg 720901 4071629316 1
cfg 720902 4168104766 6
cfg 720903 1853871146 4
cfg 720904 1315972681 2
cfg 720905 2429540320 3
cfg 720906 537918916 5
cfg 720907 1694504481 7
cfg 720908 3381649881 4
cfg 720909 641728389 4
cfg 720910 387977777 1
cfg 720911 1656747016 1
cfg 655360 3522167054 1
cfg 655361 294651880 2
cfg 655362 922762145 3
cfg 655363 3532651740 3
cfg 655364 126884620 1
cfg 655365 1848640428 2
cfg 655366 558891371 7
cfg 655367 2186289812 1
cfg 655368 912257458 2
cfg 655369 122678645 2
cfg 655370 3127900598 3
cfg 655371 3521115865 1
cfg 655372 3752859985 0
cfg 655373 144712429 2
cfg 655374 511702143 9
cfg 655375 1062206664 4
cfg 655376 4027590629 0
cfg 655377 2755659954 2
cfg 655378 4054851264 1
cfg 655379 4100979845 0
cfg 655380 1680863564 2
cfg 655381 4180668775 1
cfg 655382 3078634646 4
cfg 655383 3879729486 1
style 0
arm 0
