style 2
arm 0
cfg 48 4254083772 0
cfg 49 3323973228 0
cfg 50 4080010322 4
cfg 51 849356449 1
cfg 52 903869057 1
cfg 53 1384123200 4
cfg 54 1612704020 0
cfg 55 622859015 1
cfg 56 1178600393 4
cfg 57 847249389 8
cfg 58 2109734328 6
cfg 59 17818788 1
cfg 60 832570872 4
cfg 61 2090863439 0
cfg 62 1040186309 5
cfg 63 1400897507 8
style 3
arm 1
cfg 65584 3869250720 9
cfg 65585 4023392033 2
cfg 65586 4241498226 3
cfg 65587 2013267981 5
cfg 65588 1156582593 1
cfg 65589 1044384291 6
cfg 65590 2791311724 0
cfg 65591 1335893361 7
cfg 65592 1709182614 3
cfg 65593 3114273105 3
cfg 65594 4050650560 2
cfg 65595 957350824 1
cfg 65596 253752218 2
cfg 65597 2055220887 6
cfg 65598 1262487910 1
cfg 65599 4115663472 2
cfg 65600 245367427 0
cfg 65601 529532468 0
cfg 65602 3519026657 5
cfg 65603 1211108873 4
cfg 65604 1952450735 2
cfg 65605 2160068922 3
cfg 65606 1062129 10
cfg 65607 907020160 4
cfg 32 4254083772 0
cfg 33 3323973228 0
cfg 34 4080010322 4
cfg 35 849356449 1
cfg 36 903869057 1
cfg 37 1384123200 4
cfg 38 1612704020 0
cfg 39 622859015 1
cfg 40 1178600393 4
cfg 41 847249389 8
cfg 42 2109734328 6
cfg 43 17818788 1
cfg 44 832570872 4
cfg 45 2090863439 0
cfg 46 1040186309 5
cfg 47 1400897507 8
style 2
arm 2
cfg 131144 122686692 0
cfg 131145 1774184460 0
cfg 131146 1503666356 0
cfg 131147 2234514227 0
cfg 131148 2982151274 0
cfg 131149 1074792417 0
cfg 131150 2078275649 2
cfg 131151 468721125 0
cfg 131152 1885338361 0
cfg 131153 1019217298 0
cfg 131154 1777340470 0
cfg 131155 1720714746 0
cfg 131156 1373629066 0
cfg 131157 2010114307 0
cfg 131158 4059020298 1
cfg 131159 2990530016 0
cfg 131160 2839550215 0
cfg 131161 3659516985 3
cfg 131162 2756707351 0
cfg 131163 623904600 0
cfg 131164 2869954363 0
cfg 131165 2619342389 0
cfg 131166 589297964 0
cfg 131167 1246764438 0
cfg 65608 3869250720 9
cfg 65609 4023392033 2
cfg 65610 4241498226 3
cfg 65611 2013267981 5
cfg 65612 1156582593 1
cfg 65613 1044384291 6
cfg 65614 2791311724 0
cfg 65615 1335893361 7
cfg 65616 1709182614 3
cfg 65617 3114273105 3
cfg 65618 4050650560 2
cfg 65619 957350824 1
cfg 65620 253752218 2
cfg 65621 2055220887 6
cfg 65622 1262487910 1
cfg 65623 4115663472 2
cfg 65624 245367427 0
cfg 65625 529532468 0
cfg 65626 3519026657 5
cfg 65627 1211108873 4
cfg 65628 1952450735 2
cfg 65629 2160068922 3
cfg 65630 1062129 10
cfg 65631 907020160 4
style 3
arm 3
cfg 196656 490737407 0
cfg 196657 435162506 0
cfg 196658 50341330 0
cfg 196659 447740834 0
cfg 196660 103809275 0
cfg 196661 675282344 0
cfg 196662 100665948 0
cfg 196663 214964129 0
cfg 196664 534779297 0
cfg 196665 331352153 0
cfg 196666 1019216371 0
cfg 196667 552601997 0
cfg 196668 840959661 0
cfg 196669 763372993 0
cfg 196670 2832186341 0
cfg 196671 871365515 0
cfg 196672 84937319 0
cfg 196673 794822979 0
cfg 196674 94375413 0
cfg 196675 217057001 0
cfg 196676 797972113 0
cfg 196677 612372114 0
cfg 196678 551559218 0
cfg 196679 109053075 0
cfg 131120 122686692 0
cfg 131121 1774184460 0
cfg 131122 1503666356 0
cfg 131123 2234514227 0
cfg 131124 2982151274 0
cfg 131125 1074792417 0
cfg 131126 2078275649 2
cfg 131127 468721125 0
cfg 131128 1885338361 0
cfg 131129 1019217298 0
cfg 131130 1777340470 0
cfg 131131 1720714746 0
cfg 131132 1373629066 0
cfg 131133 2010114307 0
cfg 131134 4059020298 1
cfg 131135 2990530016 0
cfg 131136 2839550215 0
cfg 131137 3659516985 3
cfg 131138 2756707351 0
cfg 131139 623904600 0
cfg 131140 2869954363 0
cfg 131141 2619342389 0
cfg 131142 589297964 0
cfg 131143 1246764438 0
style 2
arm 4
cfg 262216 3687846408 0
cfg 262217 321930468 1
cfg 262218 4125078390 0
cfg 262219 2098193357 2
cfg 262220 501223332 4
cfg 262221 2609901576 0
cfg 262222 3943688679 3
cfg 262223 1431288466 0
cfg 262224 663751408 0
cfg 262225 3222279335 0
cfg 262226 1759509287 0
cfg 262227 3227514647 0
cfg 262228 1032841820 0
cfg 262229 1943028001 0
cfg 262230 2893020766 0
cfg 262231 2372932983 0
cfg 262232 1561340738 1
cfg 262233 4181722178 1
cfg 262234 2146435033 0
cfg 262235 1214251697 2
cfg 262236 1307567280 0
cfg 262237 2887780708 0
cfg 262238 4147139927 0
cfg 262239 4127202773 0
cfg 196680 490737407 0
cfg 196681 435162506 0
cfg 196682 50341330 0
cfg 196683 447740834 0
cfg 196684 103809275 0
cfg 196685 675282344 0
cfg 196686 100665948 0
cfg 196687 214964129 0
cfg 196688 534779297 0
cfg 196689 331352153 0
cfg 196690 1019216371 0
cfg 196691 552601997 0
cfg 196692 840959661 0
cfg 196693 763372993 0
cfg 196694 2832186341 0
cfg 196695 871365515 0
cfg 196696 84937319 0
cfg 196697 794822979 0
cfg 196698 94375413 0
cfg 196699 217057001 0
cfg 196700 797972113 0
cfg 196701 612372114 0
cfg 196702 551559218 0
cfg 196703 109053075 0
style 3
arm 5
cfg 327728 392169819 0
cfg 327729 637533128 0
cfg 327730 72357530 0
cfg 327731 210760923 0
cfg 327732 313521198 0
cfg 327733 169872572 0
cfg 327734 180354052 0
cfg 327735 185601406 0
cfg 327736 338694907 0
cfg 327737 482350145 0
cfg 327738 608180650 0
cfg 327739 1137705164 0
cfg 327740 103810578 0
cfg 327741 126877794 0
cfg 327742 460325078 0
cfg 327743 271583425 0
cfg 327744 46137775 0
cfg 327745 111152706 0
cfg 327746 303037254 0
cfg 327747 283115429 0
cfg 327748 321913515 0
cfg 327749 378535039 0
cfg 327750 249564583 0
cfg 327751 208665288 0
cfg 262192 3687846408 0
cfg 262193 321930468 1
cfg 262194 4125078390 0
cfg 262195 2098193357 2
cfg 262196 501223332 4
cfg 262197 2609901576 0
cfg 262198 3943688679 3
cfg 262199 1431288466 0
cfg 262200 663751408 0
cfg 262201 3222279335 0
cfg 262202 1759509287 0
cfg 262203 3227514647 0
cfg 262204 1032841820 0
cfg 262205 1943028001 0
cfg 262206 2893020766 0
cfg 262207 2372932983 0
cfg 262208 1561340738 1
cfg 262209 4181722178 1
cfg 262210 2146435033 0
cfg 262211 1214251697 2
cfg 262212 1307567280 0
cfg 262213 2887780708 0
cfg 262214 4147139927 0
cfg 262215 4127202773 0
style 2
arm 6
cfg 393288 3304064261 0
cfg 393289 2413821805 1
cfg 393290 3365921137 4
cfg 393291 2559576602 1
cfg 393292 1938820029 2
cfg 393293 2708475042 0
cfg 393294 1792017136 7
cfg 393295 709884287 0
cfg 393296 3803184784 0
cfg 393297 4149212544 0
cfg 393298 456131484 0
cfg 393299 1667233468 0
cfg 393300 4078957260 2
cfg 393301 3375373245 0
cfg 393302 2939159103 0
cfg 393303 3994019251 1
cfg 393304 3851420183 9
cfg 393305 740296447 0
cfg 393306 2987387208 0
cfg 393307 3006268378 0
cfg 393308 3027240566 0
cfg 393309 1262486586 0
cfg 393310 2460996340 0
cfg 393311 1396705636 2
cfg 327752 392169819 0
cfg 327753 637533128 0
cfg 327754 72357530 0
cfg 327755 210760923 0
cfg 327756 313521198 0
cfg 327757 169872572 0
cfg 327758 180354052 0
cfg 327759 185601406 0
cfg 327760 338694907 0
cfg 327761 482350145 0
cfg 327762 608180650 0
cfg 327763 1137705164 0
cfg 327764 103810578 0
cfg 327765 126877794 0
cfg 327766 460325078 0
cfg 327767 271583425 0
cfg 327768 46137775 0
cfg 327769 111152706 0
cfg 327770 303037254 0
cfg 327771 283115429 0
cfg 327772 321913515 0
cfg 327773 378535039 0
cfg 327774 249564583 0
cfg 327775 208665288 0
style 3
arm 7
cfg 458800 884996743 0
cfg 458801 365954831 0
cfg 458802 28313808 0
cfg 458803 4249867390 0
cfg 458804 1127221972 0
cfg 458805 1152391703 0
cfg 458806 2771387613 0
cfg 458807 368050479 0
cfg 458808 1845491861 0
cfg 458809 1570774717 0
cfg 458810 1015025428 0
cfg 458811 893394156 0
cfg 458812 132122485 0
cfg 458813 376438714 0
cfg 458814 1588595456 0
cfg 458815 455088367 0
cfg 458816 543167182 0
cfg 458817 1590692632 0
cfg 458818 1394610297 0
cfg 458819 1641022029 0
cfg 458820 1643121483 0
cfg 458821 1385170775 0
cfg 458822 71306016 0
cfg 458823 1052779207 0
cfg 393264 3304064261 0
cfg 393265 2413821805 1
cfg 393266 3365921137 4
cfg 393267 2559576602 1
cfg 393268 1938820029 2
cfg 393269 2708475042 0
cfg 393270 1792017136 7
cfg 393271 709884287 0
cfg 393272 3803184784 0
cfg 393273 4149212544 0
cfg 393274 456131484 0
cfg 393275 1667233468 0
cfg 393276 4078957260 2
cfg 393277 3375373245 0
cfg 393278 2939159103 0
cfg 393279 3994019251 1
cfg 393280 3851420183 9
cfg 393281 740296447 0
cfg 393282 2987387208 0
cfg 393283 3006268378 0
cfg 393284 3027240566 0
cfg 393285 1262486586 0
cfg 393286 2460996340 0
cfg 393287 1396705636 2
style 2
arm 8
cfg 524360 2060452007 0
cfg 524361 2578447379 0
cfg 524362 358605718 2
cfg 524363 1344274035 3
cfg 524364 1130368289 0
cfg 524365 783286089 0
cfg 524366 3657433858 0
cfg 524367 3946846811 0
cfg 524368 639631573 0
cfg 524369 1278219829 0
cfg 524370 1768948035 0
cfg 524371 1283464005 0
cfg 524372 2714767577 1
cfg 524373 1772095739 1
cfg 524374 1123025932 1
cfg 524375 1513093957 0
cfg 524376 2165317417 0
cfg 524377 1846547553 0
cfg 524378 1929383221 0
cfg 524379 2099247423 0
cfg 524380 804261622 0
cfg 524381 2980053757 0
cfg 524382 3230664439 0
cfg 524383 2327837427 0
cfg 458824 884996743 0
cfg 458825 365954831 0
cfg 458826 28313808 0
cfg 458827 4249867390 0
cfg 458828 1127221972 0
cfg 458829 1152391703 0
cfg 458830 2771387613 0
cfg 458831 368050479 0
cfg 458832 1845491861 0
cfg 458833 1570774717 0
cfg 458834 1015025428 0
cfg 458835 893394156 0
cfg 458836 132122485 0
cfg 458837 376438714 0
cfg 458838 1588595456 0
cfg 458839 455088367 0
cfg 458840 543167182 0
cfg 458841 1590692632 0
cfg 458842 1394610297 0
cfg 458843 1641022029 0
cfg 458844 1643121483 0
cfg 458845 1385170775 0
cfg 458846 71306016 0
cfg 458847 1052779207 0
style 3
arm 9
cfg 589872 2399140857 0
cfg 589873 2063596783 0
cfg 589874 548405643 0
cfg 589875 791672638 0
cfg 589876 1332741915 0
cfg 589877 1007680974 0
cfg 589878 1860174363 0
cfg 589879 570430001 0
cfg 589880 1371537218 0
cfg 589881 1675627205 0
cfg 589882 267387466 0
cfg 589883 1153437762 0
cfg 589884 854590555 0
cfg 589885 740293367 0
cfg 589886 693110544 0
cfg 589887 2461007488 0
cfg 589888 550504636 0
cfg 589889 1668285885 0
cfg 589890 1148191141 0
cfg 589891 1213203852 0
cfg 589892 730854528 0
cfg 589893 1021312560 0
cfg 589894 4288675783 63
cfg 589895 1364203396 0
cfg 524336 2060452007 0
cfg 524337 2578447379 0
cfg 524338 358605718 2
cfg 524339 1344274035 3
cfg 524340 1130368289 0
cfg 524341 783286089 0
cfg 524342 3657433858 0
cfg 524343 3946846811 0
cfg 524344 639631573 0
cfg 524345 1278219829 0
cfg 524346 1768948035 0
cfg 524347 1283464005 0
cfg 524348 2714767577 1
cfg 524349 1772095739 1
cfg 524350 1123025932 1
cfg 524351 1513093957 0
cfg 524352 2165317417 0
cfg 524353 1846547553 0
cfg 524354 1929383221 0
cfg 524355 2099247423 0
cfg 524356 804261622 0
cfg 524357 2980053757 0
cfg 524358 3230664439 0
cfg 524359 2327837427 0
style 2
arm 10
cfg 655432 2124415191 2
cfg 655433 1533017917 1
cfg 655434 398471242 3
cfg 655435 858783489 4
cfg 655436 2980059648 0
cfg 655437 1263531480 2
cfg 655438 415236365 12
cfg 655439 2925532123 0
cfg 655440 2491413391 0
cfg 655441 1804594267 1
cfg 655442 2359293022 3
cfg 655443 2054152779 2
cfg 655444 2334135553 0
cfg 655445 1420828991 1
cfg 655446 4202689238 4
cfg 655447 24114979 8
cfg 655448 1868575192 1
cfg 655449 2753563657 3
cfg 655450 118492689 1
cfg 655451 158339826 1
cfg 655452 190836619 2
cfg 655453 339738158 1
cfg 655454 3035643652 6
cfg 655455 4071617258 1
cfg 589896 2399140857 0
cfg 589897 2063596783 0
cfg 589898 548405643 0
cfg 589899 791672638 0
cfg 589900 1332741915 0
cfg 589901 1007680974 0
cfg 589902 1860174363 0
cfg 589903 570430001 0
cfg 589904 1371537218 0
cfg 589905 1675627205 0
cfg 589906 267387466 0
cfg 589907 1153437762 0
cfg 589908 854590555 0
cfg 589909 740293367 0
cfg 589910 693110544 0
cfg 589911 2461007488 0
cfg 589912 550504636 0
cfg 589913 1668285885 0
cfg 589914 1148191141 0
cfg 589915 1213203852 0
cfg 589916 730854528 0
cfg 589917 1021312560 0
cfg 589918 4288675783 63
cfg 589919 1364203396 0
style 3
arm 11
cfg 720928 2784975072 3
cfg 720929 2889868776 6
cfg 720930 3309306045 4
cfg 720931 2055244610 5
cfg 720932 2230329580 4
cfg 720933 324011702 1
cfg 720934 3068135566 5
cfg 720935 664787135 7
cfg 720936 1861224972 4
cfg 720937 1114617994 5
cfg 720938 3889165453 5
cfg 720939 3266309887 9
cfg 720940 1096801123 6
cfg 720941 699398298 4
cfg 720942 695218058 4
cfg 720943 141552505 1
cfg 655408 2124415191 2
cfg 655409 1533017917 1
cfg 655410 398471242 3
cfg 655411 858783489 4
cfg 655412 2980059648 0
cfg 655413 1263531480 2
cfg 655414 415236365 12
cfg 655415 2925532123 0
cfg 655416 2491413391 0
cfg 655417 1804594267 1
cfg 655418 2359293022 3
cfg 655419 2054152779 2
cfg 655420 2334135553 0
cfg 655421 1420828991 1
cfg 655422 4202689238 4
cfg 655423 24114979 8
cfg 655424 1868575192 1
cfg 655425 2753563657 3
cfg 655426 118492689 1
cfg 655427 158339826 1
cfg 655428 190836619 2
cfg 655429 339738158 1
cfg 655430 3035643652 6
cfg 655431 4071617258 1
style 2
arm 0
cfg 48 4254083772 0
cfg 49 3323973228 0
cfg 50 4080010322 4
cfg 51 849356449 1
cfg 52 903869057 1
cfg 53 1384123200 4
cfg 54 1612704020 0
cfg 55 622859015 1
cfg 56 1178600393 4
cfg 57 847249389 8
cfg 58 2109734328 6
cfg 59 17818788 1
cfg 60 832570872 4
cfg 61 2090863439 0
cfg 62 1040186309 5
cfg 63 1400897507 8
cfg 720944 2784975072 3
cfg 720945 2889868776 6
cfg 720946 3309306045 4
cfg 720947 2055244610 5
cfg 720948 2230329580 4
cfg 720949 324011702 1
cfg 720950 3068135566 5
cfg 720951 664787135 7
cfg 720952 1861224972 4
cfg 720953 1114617994 5
cfg 720954 3889165453 5
cfg 720955 3266309887 9
cfg 720956 1096801123 6
cfg 720957 699398298 4
cfg 720958 695218058 4
cfg 720959 141552505 1
style 3
arm 1
cfg 65584 3869250720 9
cfg 65585 4023392033 2
cfg 65586 4241498226 3
cfg 65587 2013267981 5
cfg 65588 1156582593 1
cfg 65589 1044384291 6
cfg 65590 2791311724 0
cfg 65591 1335893361 7
cfg 65592 1709182614 3
cfg 65593 3114273105 3
cfg 65594 4050650560 2
cfg 65595 957350824 1
cfg 65596 253752218 2
cfg 65597 2055220887 6
cfg 65598 1262487910 1
cfg 65599 4115663472 2
cfg 65600 245367427 0
cfg 65601 529532468 0
cfg 65602 3519026657 5
cfg 65603 1211108873 4
cfg 65604 1952450735 2
cfg 65605 2160068922 3
cfg 65606 1062129 10
cfg 65607 907020160 4
cfg 32 4254083772 0
cfg 33 3323973228 0
cfg 34 4080010322 4
cfg 35 849356449 1
cfg 36 903869057 1
cfg 37 1384123200 4
cfg 38 1612704020 0
cfg 39 622859015 1
cfg 40 1178600393 4
cfg 41 847249389 8
cfg 42 2109734328 6
cfg 43 17818788 1
cfg 44 832570872 4
cfg 45 2090863439 0
cfg 46 1040186309 5
cfg 47 1400897507 8
style 2
arm 2
cfg 131144 122686692 0
cfg 131145 1774184460 0
cfg 131146 1503666356 0
cfg 131147 2234514227 0
cfg 131148 2982151274 0
cfg 131149 1074792417 0
cfg 131150 2078275649 2
cfg 131151 468721125 0
cfg 131152 1885338361 0
cfg 131153 1019217298 0
cfg 131154 1777340470 0
cfg 131155 1720714746 0
cfg 131156 1373629066 0
cfg 131157 2010114307 0
cfg 131158 4059020298 1
cfg 131159 2990530016 0
cfg 131160 2839550215 0
cfg 131161 3659516985 3
cfg 131162 2756707351 0
cfg 131163 623904600 0
cfg 131164 2869954363 0
cfg 131165 2619342389 0
cfg 131166 589297964 0
cfg 131167 1246764438 0
cfg 65608 3869250720 9
cfg 65609 4023392033 2
cfg 65610 4241498226 3
cfg 65611 2013267981 5
cfg 65612 1156582593 1
cfg 65613 1044384291 6
cfg 65614 2791311724 0
cfg 65615 1335893361 7
cfg 65616 1709182614 3
cfg 65617 3114273105 3
cfg 65618 4050650560 2
cfg 65619 957350824 1
cfg 65620 253752218 2
cfg 65621 2055220887 6
cfg 65622 1262487910 1
cfg 65623 4115663472 2
cfg 65624 245367427 0
cfg 65625 529532468 0
cfg 65626 3519026657 5
cfg 65627 1211108873 4
cfg 65628 1952450735 2
cfg 65629 2160068922 3
cfg 65630 1062129 10
cfg 65631 907020160 4
style 3
arm 3
cfg 196656 490737407 0
cfg 196657 435162506 0
cfg 196658 50341330 0
cfg 196659 447740834 0
cfg 196660 103809275 0
cfg 196661 675282344 0
cfg 196662 100665948 0
cfg 196663 214964129 0
cfg 196664 534779297 0
cfg 196665 331352153 0
cfg 196666 1019216371 0
cfg 196667 552601997 0
cfg 196668 840959661 0
cfg 196669 763372993 0
cfg 196670 2832186341 0
cfg 196671 871365515 0
cfg 196672 84937319 0
cfg 196673 794822979 0
cfg 196674 94375413 0
cfg 196675 217057001 0
cfg 196676 797972113 0
cfg 196677 612372114 0
cfg 196678 551559218 0
cfg 196679 109053075 0
cfg 131120 122686692 0
cfg 131121 1774184460 0
cfg 131122 1503666356 0
cfg 131123 2234514227 0
cfg 131124 2982151274 0
cfg 131125 1074792417 0
cfg 131126 2078275649 2
cfg 131127 468721125 0
cfg 131128 1885338361 0
cfg 131129 1019217298 0
cfg 131130 1777340470 0
cfg 131131 1720714746 0
cfg 131132 1373629066 0
cfg 131133 2010114307 0
cfg 131134 4059020298 1
cfg 131135 2990530016 0
cfg 131136 2839550215 0
cfg 131137 3659516985 3
cfg 131138 2756707351 0
cfg 131139 623904600 0
cfg 131140 2869954363 0
cfg 131141 2619342389 0
cfg 131142 589297964 0
cfg 131143 1246764438 0
style 2
arm 4
cfg 262216 3687846408 0
cfg 262217 321930468 1
cfg 262218 4125078390 0
cfg 262219 2098193357 2
cfg 262220 501223332 4
cfg 262221 2609901576 0
cfg 262222 3943688679 3
cfg 262223 1431288466 0
cfg 262224 663751408 0
cfg 262225 3222279335 0
cfg 262226 1759509287 0
cfg 262227 3227514647 0
cfg 262228 1032841820 0
cfg 262229 1943028001 0
cfg 262230 2893020766 0
cfg 262231 2372932983 0
cfg 262232 1561340738 1
cfg 262233 4181722178 1
cfg 262234 2146435033 0
cfg 262235 1214251697 2
cfg 262236 1307567280 0
cfg 262237 2887780708 0
cfg 262238 4147139927 0
cfg 262239 4127202773 0
cfg 196680 490737407 0
cfg 196681 435162506 0
cfg 196682 50341330 0
cfg 196683 447740834 0
cfg 196684 103809275 0
cfg 196685 675282344 0
cfg 196686 100665948 0
cfg 196687 214964129 0
cfg 196688 534779297 0
cfg 196689 331352153 0
cfg 196690 1019216371 0
cfg 196691 552601997 0
cfg 196692 840959661 0
cfg 196693 763372993 0
cfg 196694 2832186341 0
cfg 196695 871365515 0
cfg 196696 84937319 0
cfg 196697 794822979 0
cfg 196698 94375413 0
cfg 196699 217057001 0
cfg 196700 797972113 0
cfg 196701 612372114 0
cfg 196702 551559218 0
cfg 196703 109053075 0
style 3
arm 5
cfg 327728 392169819 0
cfg 327729 637533128 0
cfg 327730 72357530 0
cfg 327731 210760923 0
cfg 327732 313521198 0
cfg 327733 169872572 0
cfg 327734 180354052 0
cfg 327735 185601406 0
cfg 327736 338694907 0
cfg 327737 482350145 0
cfg 327738 608180650 0
cfg 327739 1137705164 0
cfg 327740 103810578 0
cfg 327741 126877794 0
cfg 327742 460325078 0
cfg 327743 271583425 0
cfg 327744 46137775 0
cfg 327745 111152706 0
cfg 327746 303037254 0
cfg 327747 283115429 0
cfg 327748 321913515 0
cfg 327749 378535039 0
cfg 327750 249564583 0
cfg 327751 208665288 0
cfg 262192 3687846408 0
cfg 262193 321930468 1
cfg 262194 4125078390 0
cfg 262195 2098193357 2
cfg 262196 501223332 4
cfg 262197 2609901576 0
cfg 262198 3943688679 3
cfg 262199 1431288466 0
cfg 262200 663751408 0
cfg 262201 3222279335 0
cfg 262202 1759509287 0
cfg 262203 3227514647 0
cfg 262204 1032841820 0
cfg 262205 1943028001 0
cfg 262206 2893020766 0
cfg 262207 2372932983 0
cfg 262208 1561340738 1
cfg 262209 4181722178 1
cfg 262210 2146435033 0
cfg 262211 1214251697 2
cfg 262212 1307567280 0
cfg 262213 2887780708 0
cfg 262214 4147139927 0
cfg 262215 4127202773 0
style 2
arm 6
cfg 393288 3304064261 0
cfg 393289 2413821805 1
cfg 393290 3365921137 4
cfg 393291 2559576602 1
cfg 393292 1938820029 2
cfg 393293 2708475042 0
cfg 393294 1792017136 7
cfg 393295 709884287 0
cfg 393296 3803184784 0
cfg 393297 4149212544 0
cfg 393298 456131484 0
cfg 393299 1667233468 0
cfg 393300 4078957260 2
cfg 393301 3375373245 0
cfg 393302 2939159103 0
cfg 393303 3994019251 1
cfg 393304 3851420183 9
cfg 393305 740296447 0
cfg 393306 2987387208 0
cfg 393307 3006268378 0
cfg 393308 3027240566 0
cfg 393309 1262486586 0
cfg 393310 2460996340 0
cfg 393311 1396705636 2
cfg 327752 392169819 0
cfg 327753 637533128 0
cfg 327754 72357530 0
cfg 327755 210760923 0
cfg 327756 313521198 0
cfg 327757 169872572 0
cfg 327758 180354052 0
cfg 327759 185601406 0
cfg 327760 338694907 0
cfg 327761 482350145 0
cfg 327762 608180650 0
cfg 327763 1137705164 0
cfg 327764 103810578 0
cfg 327765 126877794 0
cfg 327766 460325078 0
cfg 327767 271583425 0
cfg 327768 46137775 0
cfg 327769 111152706 0
cfg 327770 303037254 0
cfg 327771 283115429 0
cfg 327772 321913515 0
cfg 327773 378535039 0
cfg 327774 249564583 0
cfg 327775 208665288 0
style 3
arm 7
cfg 458800 884996743 0
cfg 458801 365954831 0
cfg 458802 28313808 0
cfg 458803 4249867390 0
cfg 458804 1127221972 0
cfg 458805 1152391703 0
cfg 458806 2771387613 0
cfg 458807 368050479 0
cfg 458808 1845491861 0
cfg 458809 1570774717 0
cfg 458810 1015025428 0
cfg 458811 893394156 0
cfg 458812 132122485 0
cfg 458813 376438714 0
cfg 458814 1588595456 0
cfg 458815 455088367 0
cfg 458816 543167182 0
cfg 458817 1590692632 0
cfg 458818 1394610297 0
cfg 458819 1641022029 0
cfg 458820 1643121483 0
cfg 458821 1385170775 0
cfg 458822 71306016 0
cfg 458823 1052779207 0
cfg 393264 3304064261 0
cfg 393265 2413821805 1
cfg 393266 3365921137 4
cfg 393267 2559576602 1
cfg 393268 1938820029 2
cfg 393269 2708475042 0
cfg 393270 1792017136 7
cfg 393271 709884287 0
cfg 393272 3803184784 0
cfg 393273 4149212544 0
cfg 393274 456131484 0
cfg 393275 1667233468 0
cfg 393276 4078957260 2
cfg 393277 3375373245 0
cfg 393278 2939159103 0
cfg 393279 3994019251 1
cfg 393280 3851420183 9
cfg 393281 740296447 0
cfg 393282 2987387208 0
cfg 393283 3006268378 0
cfg 393284 3027240566 0
cfg 393285 1262486586 0
cfg 393286 2460996340 0
cfg 393287 1396705636 2
style 2
arm 8
cfg 524360 2060452007 0
cfg 524361 2578447379 0
cfg 524362 358605718 2
cfg 524363 1344274035 3
cfg 524364 1130368289 0
cfg 524365 783286089 0
cfg 524366 3657433858 0
cfg 524367 3946846811 0
cfg 524368 639631573 0
cfg 524369 1278219829 0
cfg 524370 1768948035 0
cfg 524371 1283464005 0
cfg 524372 2714767577 1
cfg 524373 1772095739 1
cfg 524374 1123025932 1
cfg 524375 1513093957 0
cfg 524376 2165317417 0
cfg 524377 1846547553 0
cfg 524378 1929383221 0
cfg 524379 2099247423 0
cfg 524380 804261622 0
cfg 524381 2980053757 0
cfg 524382 3230664439 0
cfg 524383 2327837427 0
cfg 458824 884996743 0
cfg 458825 365954831 0
cfg 458826 28313808 0
cfg 458827 4249867390 0
cfg 458828 1127221972 0
cfg 458829 1152391703 0
cfg 458830 2771387613 0
cfg 458831 368050479 0
cfg 458832 1845491861 0
cfg 458833 1570774717 0
cfg 458834 1015025428 0
cfg 458835 893394156 0
cfg 458836 132122485 0
cfg 458837 376438714 0
cfg 458838 1588595456 0
cfg 458839 455088367 0
cfg 458840 543167182 0
cfg 458841 1590692632 0
cfg 458842 1394610297 0
cfg 458843 1641022029 0
cfg 458844 1643121483 0
cfg 458845 1385170775 0
cfg 458846 71306016 0
cfg 458847 1052779207 0
style 3
arm 9
cfg 589872 2399140857 0
cfg 589873 2063596783 0
cfg 589874 548405643 0
cfg 589875 791672638 0
cfg 589876 1332741915 0
cfg 589877 1007680974 0
cfg 589878 1860174363 0
cfg 589879 570430001 0
cfg 589880 1371537218 0
cfg 589881 1675627205 0
cfg 589882 267387466 0
cfg 589883 1153437762 0
cfg 589884 854590555 0
cfg 589885 740293367 0
cfg 589886 693110544 0
cfg 589887 2461007488 0
cfg 589888 550504636 0
cfg 589889 1668285885 0
cfg 589890 1148191141 0
cfg 589891 1213203852 0
cfg 589892 730854528 0
cfg 589893 1021312560 0
cfg 589894 4288675783 63
cfg 589895 1364203396 0
cfg 524336 2060452007 0
cfg 524337 2578447379 0
cfg 524338 358605718 2
cfg 524339 1344274035 3
cfg 524340 1130368289 0
cfg 524341 783286089 0
cfg 524342 3657433858 0
cfg 524343 3946846811 0
cfg 524344 639631573 0
cfg 524345 1278219829 0
cfg 524346 1768948035 0
cfg 524347 1283464005 0
cfg 524348 2714767577 1
cfg 524349 1772095739 1
cfg 524350 1123025932 1
cfg 524351 1513093957 0
cfg 524352 2165317417 0
cfg 524353 1846547553 0
cfg 524354 1929383221 0
cfg 524355 2099247423 0
cfg 524356 804261622 0
cfg 524357 2980053757 0
cfg 524358 3230664439 0
cfg 524359 2327837427 0
style 2
arm 10
cfg 655432 2124415191 2
cfg 655433 1533017917 1
cfg 655434 398471242 3
cfg 655435 858783489 4
cfg 655436 2980059648 0
cfg 655437 1263531480 2
cfg 655438 415236365 12
cfg 655439 2925532123 0
cfg 655440 2491413391 0
cfg 655441 1804594267 1
cfg 655442 2359293022 3
cfg 655443 2054152779 2
cfg 655444 2334135553 0
cfg 655445 1420828991 1
cfg 655446 4202689238 4
cfg 655447 24114979 8
cfg 655448 1868575192 1
cfg 655449 2753563657 3
cfg 655450 118492689 1
cfg 655451 158339826 1
cfg 655452 190836619 2
cfg 655453 339738158 1
cfg 655454 3035643652 6
cfg 655455 4071617258 1
cfg 589896 2399140857 0
cfg 589897 2063596783 0
cfg 589898 548405643 0
cfg 589899 791672638 0
cfg 589900 1332741915 0
cfg 589901 1007680974 0
cfg 589902 1860174363 0
cfg 589903 570430001 0
cfg 589904 1371537218 0
cfg 589905 1675627205 0
cfg 589906 267387466 0
cfg 589907 1153437762 0
cfg 589908 854590555 0
cfg 589909 740293367 0
cfg 589910 693110544 0
cfg 589911 2461007488 0
cfg 589912 550504636 0
cfg 589913 1668285885 0
cfg 589914 1148191141 0
cfg 589915 1213203852 0
cfg 589916 730854528 0
cfg 589917 1021312560 0
cfg 589918 4288675783 63
cfg 589919 1364203396 0
style 3
arm 11
cfg 720928 2784975072 3
cfg 720929 2889868776 6
cfg 720930 3309306045 4
cfg 720931 2055244610 5
cfg 720932 2230329580 4
cfg 720933 324011702 1
cfg 720934 3068135566 5
cfg 720935 664787135 7
cfg 720936 1861224972 4
cfg 720937 1114617994 5
cfg 720938 3889165453 5
cfg 720939 3266309887 9
cfg 720940 1096801123 6
cfg 720941 699398298 4
cfg 720942 695218058 4
cfg 720943 141552505 1
cfg 655408 2124415191 2
cfg 655409 1533017917 1
cfg 655410 398471242 3
cfg 655411 858783489 4
cfg 655412 2980059648 0
cfg 655413 1263531480 2
cfg 655414 415236365 12
cfg 655415 2925532123 0
cfg 655416 2491413391 0
cfg 655417 1804594267 1
cfg 655418 2359293022 3
cfg 655419 2054152779 2
cfg 655420 2334135553 0
cfg 655421 1420828991 1
cfg 655422 4202689238 4
cfg 655423 24114979 8
cfg 655424 1868575192 1
cfg 655425 2753563657 3
cfg 655426 118492689 1
cfg 655427 158339826 1
cfg 655428 190836619 2
cfg 655429 339738158 1
cfg 655430 3035643652 6
cfg 655431 4071617258 1
style 2
arm 0
